0 0 0 0 7 0 0 0 0 
0 0 0 0 0 0 0 0 0 
0 0 0 0 0 0 0 0 0 
0 0 0 0 0 0 0 0 17 
0 0 0 0 0 0 0 0 0 
0 0 498 0 676 0 285 0 0 
0 0 0 0 0 0 0 0 0 
0 0 0 0 0 0 143 0 0 
0 0 0 0 131 0 5 0 0 
0 0 0 0 0 0 0 0 0 
0 0 0 0 0 0 0 0 105 
0 0 0 0 97 0 1 0 0 
569 166 0 628 53 0 0 47 101 
0 0 0 0 53 0 0 0 0 
0 445 0 0 322 1 368 0 716 
0 0 0 0 0 0 0 0 0 
0 0 0 0 369 0 0 0 0 
0 3 0 0 0 0 0 0 0 
0 0 0 0 0 0 0 0 0 
0 0 0 0 426 0 1432 0 0 
0 0 568 0 0 0 1 0 0 
0 0 0 0 0 0 0 0 0 
0 0 0 0 0 0 0 0 0 
0 0 0 0 0 0 0 0 0 
0 0 0 0 288 0 0 0 0 
219 215 443 0 0 0 578 0 129 
0 0 0 0 0 0 0 0 0 
0 0 0 0 0 0 0 0 0 
415 70 0 4 0 0 0 286 520 
0 38 0 0 0 0 0 0 24 
0 0 0 0 0 0 0 0 1 
0 0 0 0 0 0 280 0 282 
0 203 500 0 0 0 0 0 756 
0 0 0 0 0 0 0 0 0 
0 0 0 0 0 0 0 0 0 
0 0 0 0 0 0 0 0 0 
0 0 0 0 0 0 0 0 0 
0 0 0 0 0 0 0 0 0 
0 0 0 0 0 0 0 0 0 
0 26 1 0 0 0 0 1 482 
28 127 0 0 328 0 0 47 59 
0 0 132 0 46 0 69 1 0 
0 0 0 184 0 0 400 0 0 
0 2 0 0 0 0 0 187 0 
0 9 0 0 38 0 0 0 0 
0 0 0 341 0 0 0 0 25 
0 0 0 0 3 0 29 0 0 
1 0 309 0 80 0 0 0 0 
0 0 0 0 0 0 0 0 0 
0 58 0 0 0 0 0 0 455 
0 111 0 0 0 0 0 0 0 
0 0 0 0 0 0 0 0 51 
0 0 0 0 0 0 0 0 0 
0 0 0 247 54 0 80 0 305 
0 0 0 60 0 0 0 0 0 
0 42 0 0 41 0 0 0 0 
0 0 0 0 0 0 0 0 0 
0 0 0 0 0 0 0 0 0 
0 0 0 0 0 0 0 0 0 
0 0 0 0 0 0 0 0 0 
0 0 0 0 0 0 0 0 0 
0 0 0 0 0 0 0 0 0 
0 0 0 0 0 0 0 0 0 
0 0 0 0 0 0 0 0 0 
0 0 0 0 0 0 0 0 0 
0 0 0 0 0 0 0 400 0 
0 19 0 0 0 0 0 0 0 
0 0 0 0 0 0 432 0 0 
0 0 0 0 0 0 0 0 0 
0 0 0 220 0 0 0 0 0 
0 0 0 0 0 0 0 58 0 
0 6 0 0 0 0 0 0 0 
0 0 0 0 0 0 0 0 0 
0 0 0 1 0 0 0 0 0 
0 0 0 0 0 0 0 0 0 
133 0 0 0 0 0 0 0 0 
0 0 20 6 0 0 78 0 179 
0 0 0 0 0 0 4439 0 283 
0 0 0 0 0 0 0 0 0 
0 0 0 0 0 0 0 0 0 
0 0 0 0 0 0 0 0 0 
0 0 0 0 0 0 666 0 0 
0 4 0 0 69 0 0 103 1 
0 0 0 0 0 0 0 0 0 
0 0 0 0 0 0 0 0 0 
0 0 0 0 0 0 0 0 0 
0 0 0 0 102 0 0 0 0 
0 0 0 0 0 0 0 0 0 
0 0 0 0 0 0 0 0 0 
0 0 0 0 0 0 0 0 0 
0 0 0 0 0 0 0 0 0 
6 1 20 0 143 0 0 0 12 
0 0 0 0 0 0 0 0 0 
0 0 0 0 0 0 0 0 0 
0 0 0 0 0 0 0 0 0 
0 0 0 0 0 0 0 0 0 
0 0 0 0 0 0 0 0 0 
0 0 0 0 0 0 0 0 0 
0 0 0 0 0 0 0 0 0 
0 0 0 0 199 0 0 0 0 
0 0 0 0 0 0 0 0 0 
0 0 0 0 0 0 0 0 0 
0 0 0 0 0 0 0 0 0 
0 0 0 0 0 0 0 0 0 
668 0 0 176 0 0 0 0 0 
0 0 0 0 0 0 0 0 0 
0 0 0 373 0 0 45 0 553 
0 0 0 0 0 0 92 0 204 
0 0 0 0 0 0 0 0 0 
0 0 0 0 0 0 0 0 0 
0 0 0 0 0 0 0 0 0 
0 0 0 0 0 0 0 0 0 
0 0 0 0 0 0 0 0 0 
0 0 0 0 0 0 0 0 0 
0 0 0 0 0 0 0 0 0 
0 0 0 0 136 0 0 0 0 
0 0 0 0 0 0 0 0 0 
0 0 0 0 0 0 0 0 0 
0 0 0 0 0 0 0 0 0 
0 0 0 0 0 0 0 0 0 
0 0 0 0 0 0 0 0 0 
0 0 0 0 0 0 0 0 0 
0 0 0 0 0 0 0 0 0 
0 0 0 0 0 0 0 0 0 
0 0 0 0 0 0 0 0 0 
0 0 0 0 0 0 0 0 20 
0 0 0 0 0 0 0 8 137 
0 0 0 0 640 0 0 0 0 
0 0 2 322 0 0 0 0 4 
0 0 0 0 0 0 0 0 0 
0 0 0 0 599 2 689 0 0 
0 0 0 0 0 0 0 0 0 
0 27 0 0 83 0 0 81 8 
0 0 0 0 169 0 0 553 0 
0 0 0 0 0 0 0 0 0 
0 0 0 0 0 0 0 0 0 
0 0 0 0 0 0 0 0 0 
0 0 0 0 0 0 0 0 0 
0 99 0 0 0 0 0 382 168 
0 0 0 0 0 0 0 0 0 
0 0 0 0 0 0 0 0 0 
0 0 0 0 0 0 0 0 0 
0 0 0 0 0 0 0 0 0 
0 0 0 0 0 0 0 0 85 
0 0 0 0 0 0 0 73 46 
0 0 0 0 0 0 0 0 221 
0 0 0 0 0 0 0 0 0 
0 0 0 0 0 0 0 0 0 
0 0 0 0 0 0 0 0 0 
0 0 0 0 0 0 0 0 0 
0 139 0 113 292 0 0 210 135 
42 0 42 0 7 0 0 95 4 
0 0 0 0 0 0 0 0 0 
0 0 0 0 222 0 5 0 0 
0 0 0 0 0 0 0 0 0 
0 0 0 0 0 0 0 0 0 
0 0 1362 0 0 0 286 0 102 
0 6 1 0 3 0 0 2 0 
0 0 0 0 0 0 0 0 0 
572 365 312 0 0 0 0 0 0 
0 209 0 0 0 0 0 587 3 
0 0 0 0 0 0 0 0 0 
0 0 0 0 0 0 0 0 0 
131 35 0 0 0 0 0 36 45 
0 21 0 0 157 0 0 258 431 
0 0 0 0 0 0 0 0 0 
0 0 0 0 0 0 0 0 0 
0 0 0 0 0 0 0 0 0 
0 0 0 0 0 0 0 0 0 
0 0 0 0 0 0 0 0 0 
0 0 0 0 0 0 0 0 0 
0 0 0 0 0 0 0 0 0 
0 0 0 0 0 0 0 0 0 
0 0 0 0 0 0 0 0 0 
0 0 0 0 0 0 0 0 0 
0 0 0 0 0 0 0 0 0 
0 0 0 0 0 0 0 0 0 
0 0 0 0 0 0 0 0 0 
0 0 0 0 0 0 0 0 0 
0 0 0 0 0 0 0 0 0 
0 0 0 0 0 0 0 0 0 
0 0 0 0 0 0 0 0 0 
0 0 0 0 0 0 0 0 0 
0 0 0 0 0 0 0 0 0 
0 0 0 0 0 0 0 0 0 
0 0 0 0 0 0 0 0 0 
0 0 0 0 0 0 0 0 0 
0 0 0 0 0 0 0 0 0 
0 0 0 0 0 0 0 0 0 
0 0 0 0 0 0 0 0 0 
0 0 0 0 0 0 0 0 0 
0 0 0 0 0 0 0 0 0 
0 0 0 0 0 0 0 0 0 
0 0 0 0 0 0 0 0 0 
0 0 0 0 0 0 0 0 0 
0 0 0 0 0 0 0 0 0 
0 0 0 0 0 0 0 0 0 
0 118 0 0 60 0 530 0 0 
0 0 806 496 544 0 0 0 0 
0 0 0 0 0 0 0 0 0 
0 0 0 0 0 0 0 0 0 
0 132 617 0 0 0 0 0 0 
0 232 0 0 0 0 0 0 0 
0 0 0 0 0 0 0 0 0 
0 0 0 0 0 0 0 0 0 
0 0 0 0 0 0 0 0 0 
0 0 0 0 0 0 0 0 0 
0 0 0 0 0 0 0 0 0 
0 0 0 0 0 0 0 0 0 
0 0 0 0 0 0 0 0 0 
0 0 0 0 81 0 0 0 0 
0 30 0 0 0 0 0 0 14 
0 0 0 0 0 0 0 0 1 
0 0 0 0 0 0 0 0 0 
0 0 0 0 62 0 125 0 2 
0 122 0 0 0 0 0 0 9 
0 0 0 0 0 1 4 0 52 
0 0 0 0 0 0 0 0 27 
0 0 0 0 0 0 0 0 0 
0 0 0 0 0 0 217 0 0 
0 0 0 0 0 0 0 0 0 
0 0 0 0 0 0 0 0 0 
0 0 0 0 0 0 0 0 0 
0 0 0 0 0 0 0 0 0 
316 0 0 243 0 211 0 0 0 
0 0 0 0 0 0 0 0 0 
0 0 0 0 0 0 0 0 0 
0 0 0 0 0 0 0 0 0 
0 0 0 0 0 0 0 0 0 
0 0 0 0 0 0 0 0 0 
0 0 0 0 0 0 0 0 0 
0 0 0 0 0 0 0 0 16 
0 107 0 0 0 0 0 0 210 
0 0 0 0 0 0 0 0 0 
0 0 0 0 0 0 0 0 0 
0 0 0 0 177 0 435 0 0 
0 0 0 0 0 0 0 0 2 
0 0 0 0 0 0 0 0 0 
0 0 0 0 0 0 0 0 0 
0 0 0 0 0 0 0 2 1 
0 0 0 0 0 0 0 0 0 
0 0 0 0 23 0 0 0 49 
0 8 0 0 0 0 0 0 138 
0 0 0 0 0 0 0 0 0 
0 0 0 0 0 0 2 0 0 
3057 0 950 2998 0 712 0 1 26 
366 1 0 658 0 0 0 0 0 
564 0 0 0 0 0 0 0 0 
0 0 0 0 0 0 0 0 0 
0 0 0 0 0 0 190 0 0 
0 0 0 0 0 0 0 0 0 
0 0 0 0 0 0 0 0 0 
0 0 0 0 0 0 0 0 0 
0 0 0 0 0 0 0 0 367 
0 0 0 0 0 0 0 0 0 
0 0 0 0 0 0 278 0 0 
0 0 0 0 0 0 0 0 0 
0 0 0 0 0 0 0 0 0 
0 136 0 0 0 0 0 0 0 
0 0 0 0 0 0 0 0 128 
0 0 0 0 0 0 0 0 0 
0 0 0 0 0 0 0 0 0 
0 0 0 0 0 0 0 0 0 
0 0 0 0 0 0 0 0 0 
0 0 0 0 0 0 0 0 153 
0 0 0 0 0 0 0 0 0 
0 0 0 0 0 0 0 0 0 
0 1 0 0 0 0 0 0 351 
0 0 0 0 0 0 0 0 0 
0 3 0 0 37 0 0 0 0 
0 1 0 0 0 0 0 0 5 
0 0 0 0 0 0 0 0 0 
0 0 0 0 0 0 0 0 0 
0 0 0 0 0 0 254 0 0 
0 491 0 0 767 1188 645 273 0 
0 1 0 0 0 0 0 0 0 
0 96 0 0 0 0 0 0 0 
0 0 0 0 0 0 5 0 0 
0 0 0 0 0 0 0 49 0 
0 0 0 0 0 0 0 0 0 
0 0 0 0 56 0 0 0 0 
0 0 0 0 0 0 0 0 0 
0 0 0 0 135 1073 0 0 0 
0 131 0 0 0 0 0 263 0 
0 0 1274 0 0 0 0 627 0 
0 0 0 0 0 0 0 0 0 
0 0 0 0 0 0 0 0 0 
0 0 0 0 0 0 0 0 0 
0 0 0 0 0 0 0 0 0 
0 0 0 0 0 0 0 0 0 
0 0 0 0 0 0 0 0 0 
0 0 0 0 0 0 0 0 0 
0 0 0 0 0 0 0 0 0 
0 0 0 0 0 0 0 0 259 
0 0 0 0 0 0 0 0 0 
0 0 0 0 0 0 0 0 0 
0 0 0 0 0 0 0 0 0 
0 0 0 0 0 0 0 0 0 
0 0 0 0 0 0 0 0 0 
0 0 918 33 0 0 0 0 201 
0 0 0 270 0 0 0 0 191 
0 0 0 0 166 0 0 0 92 
0 2 0 0 0 0 0 0 0 
0 0 0 0 0 0 1158 0 0 
0 0 0 0 207 0 1056 0 0 
0 0 0 0 0 0 0 0 0 
0 0 0 0 0 0 0 0 0 
0 0 0 0 0 0 0 0 0 
0 0 0 0 0 0 0 0 0 
832 257 987 183 550 0 465 813 577 
0 0 0 0 0 0 0 0 0 
0 0 0 0 0 0 0 0 0 
0 0 0 0 0 0 0 0 0 
0 0 0 0 0 0 0 0 0 
0 1426 882 0 554 0 0 0 2078 
0 0 0 222 0 0 0 0 257 
0 0 0 0 0 0 0 0 0 
0 0 0 0 0 0 0 0 0 
0 0 0 0 627 0 0 0 219 
0 0 0 0 0 0 0 0 0 
0 0 0 0 0 0 0 0 0 
0 0 0 0 0 0 0 400 163 
0 0 0 0 0 0 0 0 0 
40 0 0 0 0 0 0 9 0 
0 0 0 0 0 0 0 0 0 
0 0 0 78 0 0 0 0 0 
0 0 0 0 0 0 0 0 0 
0 0 0 0 0 0 0 0 0 
0 0 0 0 0 0 0 0 0 
0 0 0 0 0 0 0 0 0 
0 0 0 0 0 0 0 0 0 
0 0 0 0 0 0 0 0 0 
0 0 0 0 0 0 0 0 0 
0 0 0 0 0 0 0 0 0 
0 0 0 0 0 0 0 0 0 
0 0 0 0 0 0 0 0 0 
0 0 0 0 0 0 0 0 0 
0 0 0 0 0 0 0 0 0 
0 0 0 0 0 0 0 0 9 
0 0 867 0 0 0 0 0 477 
0 0 0 0 0 0 0 0 0 
0 110 0 0 0 0 189 0 0 
0 1231 134 118 803 0 1048 536 0 
0 0 0 0 0 0 0 0 0 
0 0 0 0 0 0 0 0 0 
0 0 0 0 0 0 0 0 0 
0 0 0 0 0 0 0 0 0 
0 0 0 0 0 0 0 0 0 
0 0 0 0 0 0 0 0 0 
0 0 0 0 0 0 0 0 0 
0 0 0 0 0 0 0 0 0 
0 0 0 0 16 0 0 0 0 
0 61 0 0 37 0 0 151 114 
223 165 0 438 0 0 0 459 0 
0 0 0 25 0 0 0 0 0 
71 70 0 0 186 0 244 0 0 
0 0 0 0 0 0 0 0 0 
0 0 0 0 0 0 0 0 1 
0 0 0 0 0 0 0 0 0 
0 0 0 0 0 0 0 297 13 
0 0 0 0 0 0 0 0 0 
0 0 0 0 0 0 0 794 249 
0 0 1391 0 0 0 0 0 4 
0 135 43 0 391 0 0 391 8 
0 0 0 0 0 0 0 0 63 
0 34 0 0 0 0 0 0 0 
0 0 0 0 0 0 0 0 0 
0 0 0 0 0 0 0 0 0 
0 0 0 0 0 0 0 0 0 
0 0 0 0 0 0 0 0 0 
0 0 0 0 0 0 0 0 0 
0 182 0 0 0 0 0 0 0 
101 0 0 0 0 0 0 0 242 
0 0 0 0 0 0 0 0 0 
0 0 124 0 39 0 0 0 42 
0 0 0 0 0 0 0 0 0 
0 0 0 26 53 0 0 0 0 
0 0 0 0 0 0 0 0 0 
0 0 0 0 0 0 0 0 0 
0 0 0 0 0 0 0 0 0 
0 0 0 0 0 0 0 0 0 
0 0 0 0 0 0 0 0 0 
0 0 0 0 0 0 0 0 0 
0 164 0 0 304 0 0 1 0 
0 0 0 0 202 0 0 0 0 
0 0 0 0 0 0 0 0 10 
0 0 0 34 0 0 0 0 0 
0 0 0 0 0 0 0 0 0 
0 0 0 0 0 0 0 0 0 
0 0 0 0 0 0 0 0 0 
0 37 0 0 172 0 21 0 0 
978 125 286 513 292 872 4 764 417 
693 0 0 0 3 0 0 2 16 
0 0 0 0 0 0 0 0 2 
0 0 0 0 0 0 0 0 0 
0 0 0 0 0 0 0 0 0 
0 0 0 0 0 0 0 0 0 
1 0 0 0 0 0 26 0 24 
0 0 0 0 0 0 0 0 23 
0 0 0 0 0 0 0 0 72 
1397 49 1128 720 113 558 466 332 85 
0 283 0 0 0 0 0 0 0 
0 0 0 0 233 0 0 0 0 
0 0 0 0 0 0 0 0 0 
0 0 0 0 137 0 0 0 549 
0 74 0 0 0 0 0 0 28 
0 0 0 4 0 0 1 0 3 
224 0 2 0 0 0 0 326 4 
0 0 0 6 0 0 10 36 4 
0 0 0 0 0 0 0 0 0 
0 0 0 0 0 0 0 0 0 
0 0 0 0 0 0 0 0 0 
0 74 0 0 0 0 0 0 0 
0 0 0 35 0 0 0 0 199 
0 0 0 0 0 0 0 98 240 
0 0 0 0 0 0 0 293 0 
0 0 0 0 1 0 0 0 0 
0 0 0 4 4 0 20 0 0 
0 99 109 307 364 0 0 0 0 
0 0 0 0 0 0 0 0 0 
0 0 0 0 0 0 0 0 0 
0 0 0 0 0 0 0 0 0 
0 58 0 0 0 0 0 0 0 
0 0 0 0 0 0 0 0 0 
0 0 0 0 0 0 0 0 0 
0 0 0 0 0 0 0 0 0 
0 99 24 0 0 0 0 0 0 
0 0 0 0 0 0 0 0 0 
0 0 0 0 0 0 0 0 0 
0 0 0 0 0 0 0 0 0 
893 109 0 283 0 0 0 0 439 
0 0 0 0 68 0 100 240 314 
0 188 5 0 44 0 489 0 6 
0 0 0 0 0 0 0 0 5 
0 0 0 0 0 0 0 0 0 
446 2 0 6 0 0 0 685 1 
0 0 0 0 80 0 0 0 0 
0 326 0 0 472 0 0 0 0 
0 0 0 0 0 0 0 0 0 
0 0 0 0 0 0 0 0 0 
0 0 0 0 293 0 0 32 27 
0 0 0 0 0 0 0 0 0 
0 5 0 0 0 0 699 0 0 
0 155 1 0 69 0 0 180 31 
0 0 0 0 7 0 0 0 0 
0 0 0 0 0 0 0 0 0 
0 0 0 0 0 0 0 0 0 
0 0 745 0 15 0 0 0 44 
0 0 0 0 0 0 0 0 59 
0 0 0 0 0 0 0 0 0 
0 0 0 0 0 0 0 0 0 
0 0 0 0 0 0 0 0 0 
0 0 0 424 0 0 0 0 0 
0 202 0 0 0 0 0 0 0 
0 0 0 0 0 0 0 0 0 
0 0 0 0 0 0 0 0 0 
0 196 0 0 276 0 0 328 676 
0 0 0 0 0 0 0 0 0 
0 0 0 236 0 0 0 0 0 
573 0 0 0 0 0 0 0 108 
0 0 0 0 74 0 0 0 0 
0 0 0 0 0 0 0 0 0 
0 0 0 0 0 0 0 0 0 
0 0 0 0 0 0 0 0 0 
0 0 0 0 0 0 0 251 130 
0 4 0 0 81 0 0 0 16 
0 0 0 0 0 0 0 0 0 
0 0 0 0 0 0 0 0 0 
0 0 0 0 0 0 0 0 24 
0 1 0 0 0 0 0 0 0 
45 0 1050 0 0 0 0 0 692 
0 0 0 0 0 0 0 0 0 
0 0 0 0 38 0 0 262 12 
0 0 0 0 0 0 0 0 0 
0 0 17 0 0 0 0 57 0 
0 0 0 0 0 0 0 313 0 
0 0 0 0 0 0 893 0 0 
514 0 0 0 124 0 0 329 0 
0 0 0 0 0 0 3 0 0 
0 0 0 0 0 0 0 0 0 
0 0 0 0 0 568 0 0 305 
0 0 0 0 0 0 0 337 0 
0 0 0 0 0 0 0 0 0 
0 14 0 0 259 0 0 0 436 
0 0 0 0 0 0 0 0 0 
0 0 0 0 0 0 0 0 0 
