0 27
0 45
0 46
0 76
0 77
0 78
0 79
0 219
0 315
0 405
0 406
0 407
0 408
0 412
0 463
0 469
0 471
0 477
0 478
3 49
3 76
3 77
3 78
3 79
3 405
3 406
3 407
3 408
4 44
4 49
4 64
4 76
4 77
4 78
4 79
4 218
4 219
4 238
4 239
4 258
4 315
4 319
4 357
4 405
4 406
4 407
4 408
4 436
4 437
4 438
4 463
4 469
4 472
4 477
4 478
5 28
5 40
5 50
5 76
5 77
5 78
5 79
5 83
5 91
5 106
5 107
5 108
5 109
5 131
5 167
5 199
5 214
5 215
5 216
5 218
5 239
5 242
5 243
5 244
5 246
5 247
5 264
5 267
5 276
5 277
5 279
5 332
5 334
5 335
5 336
5 337
5 338
5 339
5 340
5 341
5 342
5 343
5 346
5 357
5 371
5 405
5 406
5 407
5 408
5 411
5 412
5 413
5 436
5 463
5 469
5 477
5 478
5 479
6 39
6 266
6 292
6 293
6 294
6 295
6 296
6 306
6 342
6 371
6 465
6 471
8 15
8 44
8 64
8 76
8 77
8 78
8 79
8 218
8 238
8 245
8 246
8 247
8 258
8 282
8 283
8 284
8 299
8 300
8 331
8 332
8 365
8 405
8 406
8 407
8 408
8 436
8 437
8 438
8 447
8 448
8 472
9 171
9 416
9 481
11 5
11 10
11 26
11 27
11 45
11 46
11 76
11 77
11 78
11 79
11 154
11 155
11 218
11 231
11 238
11 239
11 249
11 253
11 254
11 255
11 258
11 259
11 260
11 261
11 262
11 263
11 285
11 320
11 405
11 406
11 407
11 408
11 424
11 425
11 430
11 431
11 432
11 436
11 437
11 438
11 444
11 445
11 446
11 458
11 459
11 463
11 465
11 469
11 471
11 477
11 478
12 0
12 64
12 76
12 77
12 78
12 79
12 82
12 141
12 158
12 239
12 252
12 268
12 269
12 270
12 271
12 282
12 283
12 284
12 299
12 300
12 315
12 343
12 371
12 405
12 406
12 407
12 408
12 412
12 469
13 20
13 35
13 106
13 107
13 108
13 109
13 214
13 215
13 216
13 272
13 339
13 424
13 439
13 461
14 5
14 10
14 26
14 27
14 44
14 64
14 65
14 66
14 67
14 69
14 70
14 71
14 76
14 77
14 78
14 79
14 105
14 154
14 155
14 169
14 219
14 231
14 238
14 249
14 253
14 254
14 255
14 258
14 259
14 260
14 261
14 262
14 263
14 282
14 283
14 284
14 285
14 294
14 346
14 371
14 405
14 406
14 407
14 408
14 414
14 424
14 425
14 426
14 430
14 431
14 432
14 436
14 437
14 438
14 442
14 443
14 444
14 445
14 446
14 458
14 459
14 471
15 19
15 106
15 107
15 108
15 109
15 145
15 199
15 214
15 215
15 216
15 218
15 219
15 227
15 308
15 319
15 405
15 406
15 407
15 408
15 409
15 436
15 447
15 465
15 469
15 481
16 11
16 24
16 45
16 46
16 111
16 238
16 258
16 268
16 269
16 270
16 271
16 278
16 302
16 416
17 76
17 77
17 78
17 79
17 158
17 169
17 170
17 219
17 282
17 283
17 284
17 319
17 358
17 405
17 406
17 407
17 408
17 424
17 436
17 438
17 476
19 18
19 19
19 20
19 44
19 49
19 64
19 76
19 77
19 78
19 79
19 106
19 107
19 108
19 109
19 169
19 170
19 197
19 198
19 214
19 215
19 216
19 219
19 220
19 230
19 232
19 234
19 235
19 236
19 237
19 272
19 273
19 274
19 275
19 286
19 287
19 301
19 405
19 406
19 407
19 408
19 413
19 414
19 426
19 431
19 436
19 437
19 438
19 440
19 469
19 472
19 485
20 11
20 12
20 13
20 14
20 15
20 16
20 17
20 45
20 46
20 47
20 49
20 151
20 239
20 261
20 262
20 263
20 332
20 405
20 431
20 439
20 447
20 448
20 469
20 479
24 11
24 13
24 24
24 26
24 27
24 30
24 34
24 45
24 46
24 49
24 158
24 239
24 320
24 357
24 405
24 407
24 416
24 418
24 419
24 420
24 421
24 423
24 436
24 437
24 438
24 469
25 11
25 13
25 242
25 273
25 358
25 479
26 0
26 3
26 6
26 19
26 20
26 24
26 26
26 27
26 35
26 36
26 37
26 38
26 39
26 44
26 76
26 77
26 78
26 79
26 81
26 82
26 85
26 87
26 93
26 94
26 95
26 99
26 100
26 103
26 105
26 106
26 107
26 108
26 109
26 124
26 145
26 147
26 151
26 158
26 169
26 176
26 198
26 214
26 215
26 216
26 218
26 219
26 238
26 239
26 240
26 256
26 264
26 268
26 269
26 270
26 271
26 291
26 295
26 296
26 297
26 299
26 300
26 315
26 318
26 319
26 334
26 335
26 336
26 337
26 338
26 339
26 340
26 341
26 342
26 348
26 357
26 367
26 371
26 372
26 405
26 406
26 407
26 408
26 409
26 411
26 412
26 418
26 424
26 436
26 437
26 438
26 456
26 458
26 459
26 461
26 463
26 469
26 476
26 477
26 478
26 479
27 6
27 19
27 20
27 44
27 51
27 60
27 76
27 77
27 78
27 79
27 145
27 151
27 218
27 232
27 234
27 235
27 236
27 237
27 238
27 272
27 273
27 274
27 275
27 285
27 315
27 319
27 321
27 405
27 406
27 407
27 408
27 412
27 413
27 456
27 458
27 459
27 461
27 472
27 478
28 6
28 465
28 471
29 45
29 46
29 81
29 145
29 299
29 300
29 358
29 359
29 360
29 361
29 362
29 363
29 364
30 54
30 76
30 77
30 78
30 79
30 99
30 218
30 219
30 286
30 320
30 405
30 406
30 407
30 408
30 469
30 472
30 478
31 319
31 456
31 479
32 11
32 12
32 13
32 14
32 15
32 16
32 17
32 45
32 46
32 47
32 99
32 177
32 232
32 266
32 357
32 439
36 0
36 13
36 35
36 76
36 77
36 78
36 79
36 153
36 158
36 218
36 219
36 242
36 261
36 262
36 263
36 319
36 357
36 367
36 405
36 406
36 407
36 408
36 431
36 452
36 469
36 476
36 478
36 479
37 18
37 28
37 49
37 76
37 77
37 78
37 110
37 169
37 218
37 219
37 232
37 239
37 299
37 316
37 317
37 318
37 319
37 320
37 321
37 322
37 405
37 406
37 407
37 408
37 412
37 413
37 431
37 439
37 441
37 456
37 469
37 472
37 479
38 18
38 49
38 99
38 103
38 106
38 107
38 108
38 109
38 141
38 214
38 215
38 216
38 232
38 310
38 311
38 431
38 449
39 297
39 343
40 64
40 145
40 199
40 218
40 273
40 439
41 76
41 77
41 78
41 79
41 85
41 87
41 94
41 99
41 103
41 132
41 133
41 197
41 198
41 219
41 242
41 243
41 244
41 274
41 280
41 281
41 292
41 293
41 308
41 319
41 355
41 365
41 371
41 405
41 406
41 407
41 408
41 416
41 418
41 477
41 478
42 45
42 46
42 49
42 106
42 107
42 108
42 109
42 139
42 140
42 141
42 142
42 158
42 214
42 216
42 236
42 272
42 273
42 405
42 406
42 407
42 408
42 412
42 413
42 436
42 437
42 438
42 472
43 19
43 106
43 107
43 108
43 109
43 214
43 215
43 216
43 239
43 252
43 280
43 308
43 313
43 315
43 328
43 338
43 405
43 406
43 407
43 408
43 409
43 432
43 469
44 21
44 22
44 76
44 77
44 78
44 79
44 82
44 145
44 166
44 262
44 282
44 283
44 284
44 290
44 295
44 296
44 299
44 300
44 348
44 371
44 372
44 405
44 406
44 407
44 408
44 461
44 477
44 478
44 479
45 44
45 54
45 76
45 77
45 78
45 79
45 81
45 82
45 85
45 87
45 93
45 94
45 99
45 100
45 103
45 105
45 145
45 199
45 218
45 219
45 232
45 280
45 281
45 354
45 355
45 356
45 367
45 405
45 406
45 407
45 408
45 409
45 411
45 436
45 437
45 438
45 461
45 469
45 472
45 479
46 5
46 10
46 11
46 12
46 13
46 14
46 15
46 16
46 17
46 26
46 27
46 35
46 45
46 46
46 47
46 76
46 77
46 78
46 79
46 81
46 106
46 107
46 108
46 109
46 151
46 154
46 155
46 158
46 214
46 215
46 216
46 231
46 238
46 239
46 249
46 252
46 253
46 254
46 255
46 256
46 257
46 258
46 259
46 260
46 261
46 262
46 263
46 272
46 285
46 320
46 408
46 409
46 424
46 425
46 430
46 431
46 432
46 444
46 445
46 446
46 458
46 459
46 461
46 463
46 469
46 477
46 479
47 64
47 76
47 77
47 78
47 79
47 85
47 159
47 218
47 219
47 291
47 297
47 303
47 317
47 405
47 406
47 407
47 408
47 409
47 410
47 451
47 469
47 472
49 14
49 35
49 36
49 37
49 38
49 39
49 44
49 45
49 46
49 47
49 49
49 54
49 76
49 77
49 78
49 95
49 114
49 134
49 167
49 168
49 219
49 299
49 300
49 315
49 405
49 406
49 407
49 408
49 409
49 436
49 437
49 438
49 440
49 458
49 459
49 461
49 469
49 472
49 476
49 477
49 478
50 44
50 54
50 64
50 76
50 77
50 78
50 79
50 81
50 82
50 85
50 87
50 93
50 94
50 99
50 100
50 103
50 105
50 158
50 218
50 219
50 241
50 252
50 282
50 283
50 284
50 315
50 320
50 405
50 406
50 407
50 408
50 416
50 438
50 469
50 472
50 478
51 49
51 51
51 465
51 471
52 0
52 6
52 49
52 54
52 76
52 77
52 78
52 79
52 199
52 218
52 219
52 238
52 258
52 264
52 282
52 283
52 284
52 315
52 318
52 319
52 365
52 367
52 405
52 406
52 407
52 408
52 411
52 436
52 437
52 438
52 440
52 441
52 458
52 459
52 461
52 463
52 469
52 472
52 477
52 478
52 479
53 19
53 20
53 36
53 37
53 48
53 76
53 77
53 78
53 79
53 80
53 81
53 82
53 85
53 87
53 93
53 94
53 99
53 100
53 103
53 105
53 106
53 107
53 108
53 109
53 132
53 133
53 158
53 214
53 215
53 216
53 219
53 232
53 239
53 274
53 282
53 283
53 284
53 292
53 293
53 302
53 308
53 312
53 313
53 315
53 319
53 367
53 371
53 405
53 406
53 407
53 408
53 463
53 469
53 477
53 478
54 44
54 54
54 95
54 96
54 106
54 107
54 108
54 109
54 158
54 202
54 203
54 204
54 205
54 206
54 207
54 208
54 209
54 210
54 214
54 215
54 216
54 321
54 405
54 406
54 407
54 408
54 418
54 436
54 437
54 438
54 465
54 472
55 19
55 20
55 33
55 34
55 188
55 193
55 232
55 234
55 235
55 236
55 237
55 272
55 273
55 274
55 275
55 282
55 283
55 284
55 472
56 6
56 12
56 18
56 45
56 46
56 49
56 54
56 64
56 161
56 219
56 358
56 405
56 406
56 407
56 408
56 412
56 431
56 456
56 469
56 478
57 49
57 282
57 283
57 284
64 64
64 65
64 66
64 67
64 69
64 70
64 71
64 442
64 443
65 95
65 96
65 97
65 321
66 49
66 64
66 65
66 66
66 67
66 69
66 70
66 71
66 171
66 219
66 282
66 283
66 284
66 315
66 334
66 335
66 336
66 337
66 338
66 339
66 340
66 341
66 342
66 358
66 405
66 406
66 407
66 408
66 424
66 442
66 443
66 469
66 476
67 158
67 409
67 440
68 76
68 77
68 78
68 79
68 161
68 315
68 319
68 358
68 405
68 406
68 407
68 408
68 478
69 15
69 54
69 76
69 77
69 78
69 79
69 158
69 308
69 405
69 407
69 439
69 465
69 471
70 44
70 115
70 122
70 129
70 130
70 132
70 133
70 198
70 202
70 203
70 204
70 205
70 206
70 207
70 208
70 209
70 210
70 225
70 226
70 239
70 274
70 282
70 283
70 284
70 315
70 358
70 405
70 406
70 407
70 408
70 423
70 436
70 437
70 438
70 439
70 453
70 463
70 464
70 469
70 472
70 477
71 82
71 99
71 132
71 133
71 219
71 239
71 274
71 282
71 283
71 284
71 315
71 405
71 406
71 407
71 408
71 436
71 437
71 438
71 463
71 469
71 477
71 478
72 44
72 45
72 46
72 49
72 173
72 186
72 187
72 188
72 194
72 218
72 219
72 239
72 405
72 406
72 407
72 408
72 414
72 436
72 437
72 438
72 465
72 469
72 471
72 472
73 40
73 50
73 82
73 142
73 163
73 164
73 210
73 265
73 267
73 277
73 279
73 336
73 337
73 405
73 406
73 407
73 408
73 411
73 424
73 479
74 285
74 334
74 335
74 336
74 337
74 338
74 339
74 340
74 341
74 342
74 405
74 407
74 456
76 0
76 6
76 24
76 27
76 40
76 44
76 49
76 50
76 54
76 73
76 74
76 75
76 80
76 99
76 100
76 132
76 133
76 151
76 157
76 199
76 218
76 238
76 264
76 267
76 274
76 276
76 277
76 279
76 280
76 285
76 315
76 355
76 367
76 405
76 406
76 407
76 408
76 411
76 414
76 416
76 417
76 418
76 419
76 420
76 421
76 422
76 434
76 436
76 437
76 438
76 452
76 453
76 458
76 459
76 472
76 479
77 5
77 10
77 11
77 12
77 34
77 44
77 45
77 46
77 47
77 163
77 164
77 166
77 260
77 261
77 262
77 263
77 295
77 296
77 334
77 335
77 336
77 337
77 338
77 339
77 340
77 341
77 342
77 349
77 350
77 351
77 371
77 372
77 373
77 414
77 430
77 431
77 432
77 436
77 437
77 438
77 446
77 449
77 450
77 461
77 465
78 0
78 6
78 11
78 12
78 44
78 72
78 76
78 77
78 78
78 79
78 82
78 95
78 96
78 199
78 238
78 239
78 252
78 258
78 318
78 334
78 335
78 336
78 337
78 338
78 339
78 340
78 341
78 342
78 357
78 405
78 406
78 407
78 408
78 412
78 413
78 414
78 416
78 418
78 436
78 437
78 438
78 456
78 465
78 472
78 478
79 54
79 199
79 405
79 407
79 418
79 472
79 481
81 409
81 427
81 428
83 49
83 461
85 26
85 27
85 40
85 45
85 46
85 50
85 76
85 77
85 78
85 79
85 81
85 91
85 142
85 144
85 145
85 179
85 183
85 184
85 192
85 267
85 277
85 279
85 282
85 283
85 284
85 323
85 324
85 325
85 326
85 331
85 405
85 406
85 407
85 408
85 436
85 437
85 438
85 456
85 458
85 459
85 469
85 478
86 19
86 20
86 22
86 26
86 27
86 81
86 84
86 85
86 99
86 105
86 106
86 107
86 108
86 109
86 117
86 127
86 132
86 133
86 166
86 214
86 215
86 216
86 252
86 268
86 269
86 270
86 271
86 274
86 290
86 291
86 306
86 321
86 335
86 336
86 337
86 339
86 358
86 409
86 420
86 431
86 451
87 85
87 103
87 105
87 167
87 199
87 202
87 203
87 204
87 205
87 206
87 207
87 208
87 209
87 210
87 220
87 239
87 315
87 405
87 406
87 407
87 408
87 411
87 433
87 456
87 463
87 469
87 472
87 477
89 85
89 87
89 99
89 159
89 238
91 49
91 76
91 77
91 78
91 79
91 91
91 99
91 218
91 219
91 239
91 315
91 405
91 406
91 407
91 408
91 409
91 424
91 436
91 437
91 438
91 463
91 465
91 469
91 471
91 472
91 477
91 478
91 479
92 44
92 64
92 158
92 405
92 406
92 407
92 408
92 453
92 472
93 45
93 46
93 218
93 239
93 405
93 406
93 407
93 408
93 456
93 469
94 302
94 327
97 49
97 76
97 77
97 78
97 79
97 91
97 218
97 219
97 308
97 315
97 335
97 336
97 405
97 406
97 407
97 408
97 436
97 437
97 438
97 456
97 469
97 472
97 477
99 61
99 118
99 127
99 199
99 238
99 258
99 259
99 321
99 343
99 382
99 383
99 384
99 385
99 386
99 387
99 388
99 389
99 434
99 458
99 459
100 15
100 151
100 218
100 239
100 266
100 346
100 405
100 406
100 407
100 408
100 411
100 424
100 469
100 478
100 479
100 481
101 40
101 50
101 120
101 204
101 218
101 219
101 267
101 277
101 279
101 280
101 282
101 283
101 284
101 355
101 405
101 406
101 407
101 408
101 419
101 436
101 437
101 438
101 469
101 472
101 478
101 481
101 484
102 174
102 202
102 203
102 204
102 205
102 206
102 207
102 208
102 209
102 210
102 223
102 265
102 292
102 293
102 297
102 343
102 371
102 382
102 397
102 409
102 416
102 418
102 431
103 280
103 281
103 354
103 355
103 356
104 99
104 105
104 436
104 437
104 438
104 456
104 472
105 99
105 100
105 135
105 136
105 202
105 203
105 204
105 205
105 206
105 207
105 208
105 209
105 357
105 424
106 36
106 37
106 44
106 54
106 85
106 157
106 169
106 170
106 176
106 232
106 239
106 278
106 291
106 297
106 299
106 300
106 320
106 342
106 343
106 344
106 345
106 371
106 405
106 406
106 407
106 408
106 414
106 418
106 420
106 436
106 437
106 438
106 440
106 451
106 452
106 456
106 463
106 465
106 469
106 472
106 477
107 11
107 12
107 13
107 14
107 15
107 16
107 17
107 28
107 37
107 42
107 44
107 45
107 46
107 47
107 49
107 54
107 72
107 110
107 111
107 112
107 116
107 121
107 122
107 125
107 158
107 182
107 219
107 238
107 256
107 258
107 280
107 282
107 283
107 284
107 319
107 367
107 385
107 405
107 406
107 407
107 408
107 413
107 414
107 416
107 417
107 418
107 419
107 420
107 421
107 422
107 478
107 481
107 483
107 484
108 11
108 12
108 44
108 64
108 76
108 77
108 78
108 79
108 82
108 106
108 107
108 108
108 109
108 149
108 150
108 158
108 169
108 170
108 214
108 215
108 216
108 218
108 227
108 241
108 261
108 262
108 263
108 292
108 293
108 294
108 295
108 296
108 297
108 299
108 300
108 319
108 343
108 367
108 371
108 405
108 406
108 407
108 408
108 412
108 413
108 414
108 431
108 449
108 461
108 469
108 478
108 479
109 0
109 6
109 18
109 19
109 35
109 44
109 45
109 46
109 49
109 54
109 76
109 77
109 78
109 79
109 81
109 83
109 99
109 100
109 118
109 127
109 130
109 135
109 158
109 174
109 200
109 202
109 218
109 219
109 227
109 239
109 242
109 252
109 261
109 262
109 263
109 264
109 265
109 285
109 315
109 319
109 320
109 343
109 405
109 406
109 407
109 408
109 412
109 413
109 416
109 417
109 418
109 419
109 420
109 421
109 422
109 431
109 434
109 436
109 437
109 438
109 440
109 441
109 456
109 461
109 463
109 469
109 472
109 477
109 478
109 479
110 232
110 414
110 440
112 219
112 252
112 272
112 308
112 357
112 405
112 406
112 407
112 408
112 416
112 418
112 420
112 436
112 437
112 438
112 440
112 465
112 476
113 199
113 274
113 439
114 49
114 151
114 472
116 44
116 73
116 76
116 77
116 78
116 79
116 151
116 158
116 199
116 320
116 357
116 405
116 406
116 407
116 408
116 409
116 436
116 437
116 438
116 454
116 456
116 469
116 477
116 479
119 76
119 77
119 78
119 79
119 85
119 132
119 133
119 145
119 158
119 274
119 358
119 405
119 406
119 407
119 408
119 469
119 472
121 158
121 405
121 406
121 407
121 408
122 408
122 472
122 479
123 44
123 64
123 76
123 77
123 78
123 79
123 134
123 158
123 343
123 371
123 405
123 407
123 408
124 5
124 10
124 18
124 19
124 20
124 25
124 26
124 27
124 30
124 40
124 50
124 76
124 77
124 78
124 79
124 85
124 106
124 107
124 108
124 109
124 116
124 121
124 122
124 128
124 130
124 134
124 143
124 144
124 145
124 146
124 154
124 155
124 190
124 193
124 199
124 214
124 215
124 216
124 219
124 222
124 224
124 228
124 229
124 231
124 233
124 238
124 249
124 253
124 254
124 255
124 258
124 259
124 260
124 261
124 262
124 263
124 267
124 277
124 280
124 282
124 283
124 284
124 285
124 319
124 335
124 354
124 405
124 406
124 407
124 408
124 414
124 416
124 417
124 418
124 419
124 420
124 421
124 422
124 424
124 425
124 430
124 431
124 432
124 436
124 437
124 438
124 439
124 444
124 445
124 446
124 458
124 459
124 473
124 474
124 477
124 478
125 282
125 283
125 284
125 291
125 299
125 300
125 406
125 412
125 441
125 458
125 459
125 472
125 481
126 44
126 76
126 77
126 78
126 79
126 85
126 151
126 218
126 219
126 261
126 262
126 263
126 264
126 266
126 315
126 319
126 335
126 357
126 358
126 385
126 405
126 406
126 407
126 408
126 412
126 413
126 431
126 456
126 463
126 469
126 477
126 478
127 44
127 49
127 76
127 77
127 78
127 79
127 158
127 282
127 283
127 284
127 405
127 406
127 407
127 408
127 436
127 437
127 438
127 456
127 472
127 478
128 5
128 10
128 15
128 26
128 27
128 35
128 44
128 76
128 77
128 78
128 79
128 81
128 82
128 85
128 87
128 93
128 94
128 99
128 100
128 103
128 105
128 154
128 155
128 158
128 159
128 169
128 170
128 218
128 219
128 231
128 238
128 239
128 249
128 253
128 254
128 255
128 258
128 259
128 260
128 261
128 262
128 263
128 273
128 280
128 285
128 286
128 295
128 296
128 299
128 300
128 308
128 320
128 321
128 345
128 357
128 371
128 372
128 405
128 406
128 407
128 408
128 411
128 413
128 424
128 425
128 430
128 431
128 432
128 434
128 436
128 437
128 438
128 444
128 445
128 446
128 456
128 458
128 459
128 461
128 463
128 469
128 472
128 477
128 478
128 479
129 317
129 476
130 76
130 77
130 78
130 79
130 204
130 218
130 319
130 335
130 336
130 337
130 340
130 405
130 406
130 407
130 408
130 469
130 478
130 479
131 40
131 45
131 46
131 50
131 76
131 77
131 78
131 79
131 135
131 151
131 267
131 277
131 279
131 282
131 283
131 284
131 302
131 322
131 327
131 348
131 405
131 469
131 474
131 481
132 28
132 64
132 76
132 77
132 78
132 79
132 81
132 82
132 85
132 87
132 93
132 94
132 99
132 100
132 103
132 105
132 143
132 144
132 145
132 218
132 307
132 308
132 345
132 367
132 405
132 406
132 407
132 408
132 409
132 411
132 436
132 463
132 476
132 478
133 3
133 31
133 35
133 64
133 76
133 77
133 78
133 79
133 87
133 99
133 169
133 170
133 197
133 198
133 202
133 203
133 204
133 205
133 206
133 207
133 208
133 209
133 210
133 266
133 299
133 300
133 308
133 321
133 343
133 344
133 345
133 368
133 369
133 370
133 371
133 416
133 453
133 456
133 465
133 476
135 5
135 10
135 26
135 27
135 154
135 155
135 231
135 238
135 249
135 253
135 254
135 255
135 258
135 259
135 260
135 261
135 262
135 263
135 285
135 424
135 425
135 430
135 431
135 432
135 444
135 445
135 446
135 458
135 459
136 19
136 20
136 106
136 107
136 108
136 109
136 214
136 215
136 216
137 44
137 158
137 436
137 437
137 438
137 456
143 49
143 141
143 142
143 158
143 266
143 319
143 343
143 357
143 371
143 380
143 430
143 439
144 24
145 54
145 151
145 204
145 218
145 219
145 261
145 262
145 263
145 320
145 321
145 326
145 405
145 406
145 407
145 408
145 420
145 431
145 463
145 472
145 479
146 0
146 18
146 34
146 35
146 36
146 40
146 50
146 51
146 54
146 76
146 77
146 78
146 79
146 99
146 100
146 106
146 107
146 108
146 109
146 118
146 127
146 214
146 215
146 216
146 218
146 239
146 267
146 277
146 279
146 315
146 316
146 317
146 318
146 319
146 320
146 321
146 322
146 382
146 390
146 391
146 392
146 393
146 394
146 395
146 396
146 397
146 398
146 399
146 400
146 401
146 402
146 403
146 404
146 405
146 406
146 407
146 408
146 412
146 413
146 415
146 430
146 431
146 436
146 469
147 15
147 19
147 20
147 49
147 76
147 77
147 78
147 79
147 81
147 82
147 85
147 87
147 91
147 93
147 94
147 99
147 100
147 103
147 105
147 106
147 107
147 108
147 109
147 130
147 151
147 158
147 189
147 196
147 214
147 215
147 216
147 218
147 232
147 234
147 235
147 236
147 237
147 239
147 256
147 261
147 262
147 263
147 264
147 272
147 273
147 274
147 275
147 357
147 405
147 406
147 407
147 408
147 409
147 418
147 424
147 430
147 431
147 439
147 461
147 463
147 469
147 477
147 479
147 484
148 479
149 0
149 6
149 11
149 12
149 19
149 20
149 24
149 27
149 45
149 46
149 47
149 72
149 76
149 77
149 78
149 105
149 157
149 219
149 232
149 234
149 235
149 236
149 237
149 238
149 252
149 258
149 265
149 272
149 273
149 274
149 275
149 300
149 308
149 405
149 406
149 407
149 408
149 424
149 426
149 427
149 436
149 437
149 438
149 456
149 458
149 459
149 471
149 472
150 80
150 85
150 132
150 133
150 274
151 54
151 76
151 77
151 78
151 79
151 82
151 161
151 218
151 219
151 282
151 283
151 284
151 308
151 348
151 357
151 358
151 362
151 363
151 364
151 405
151 406
151 407
151 408
151 418
151 436
151 437
151 438
151 440
151 469
151 472
151 476
151 478
152 19
152 20
152 81
152 82
152 85
152 87
152 93
152 94
152 99
152 100
152 103
152 105
152 106
152 107
152 108
152 109
152 152
152 158
152 208
152 214
152 215
152 216
152 219
152 232
152 234
152 235
152 236
152 237
152 265
152 272
152 273
152 274
152 275
152 282
152 283
152 284
152 300
152 329
152 390
152 391
152 392
152 393
152 394
152 395
152 396
152 397
152 398
152 399
152 400
152 401
152 402
152 403
152 404
152 405
152 406
152 407
152 408
152 409
152 415
152 431
152 470
153 6
153 14
153 37
153 45
153 46
153 49
153 132
153 133
153 158
153 219
153 239
153 252
153 266
153 274
153 282
153 283
153 284
153 307
153 308
153 315
153 405
153 406
153 407
153 408
153 418
153 430
153 436
153 437
153 438
153 439
153 456
153 463
153 469
153 472
156 0
156 6
156 28
156 40
156 50
156 76
156 77
156 78
156 79
156 95
156 106
156 107
156 108
156 109
156 128
156 130
156 141
156 167
156 168
156 169
156 214
156 216
156 218
156 219
156 239
156 264
156 265
156 267
156 277
156 279
156 292
156 293
156 294
156 295
156 296
156 308
156 319
156 343
156 371
156 385
156 390
156 391
156 392
156 393
156 394
156 395
156 396
156 397
156 398
156 399
156 400
156 401
156 402
156 403
156 404
156 405
156 406
156 407
156 408
156 410
156 415
156 418
156 436
156 438
156 461
156 469
156 471
156 472
156 478
157 0
157 6
157 33
157 34
157 54
157 76
157 77
157 78
157 79
157 81
157 82
157 85
157 87
157 93
157 94
157 99
157 100
157 103
157 105
157 132
157 133
157 147
157 148
157 157
157 161
157 172
157 181
157 204
157 219
157 238
157 242
157 258
157 261
157 262
157 263
157 265
157 266
157 274
157 280
157 281
157 282
157 283
157 284
157 292
157 293
157 295
157 296
157 299
157 300
157 315
157 321
157 333
157 338
157 346
157 347
157 349
157 350
157 351
157 353
157 354
157 355
157 356
157 357
157 358
157 367
157 371
157 372
157 373
157 382
157 390
157 391
157 392
157 393
157 394
157 395
157 396
157 397
157 398
157 399
157 400
157 401
157 402
157 403
157 404
157 405
157 406
157 407
157 408
157 411
157 415
157 416
157 418
157 424
157 431
157 432
157 436
157 437
157 438
157 453
157 454
157 455
157 456
157 462
157 463
157 468
157 469
157 472
157 477
157 478
157 479
158 64
158 76
158 77
158 78
158 79
158 169
158 170
158 285
158 299
158 300
158 316
158 317
158 318
158 319
158 320
158 321
158 322
158 343
158 344
158 345
158 357
158 371
158 405
158 406
158 407
158 408
158 472
158 478
159 6
159 27
159 76
159 77
159 78
159 79
159 158
159 218
159 272
159 282
159 283
159 284
159 285
159 315
159 319
159 405
159 406
159 407
159 408
159 439
159 440
159 458
159 459
159 469
159 472
160 5
160 6
160 10
160 26
160 27
160 54
160 145
160 154
160 155
160 197
160 198
160 219
160 231
160 238
160 249
160 253
160 254
160 255
160 256
160 258
160 259
160 260
160 261
160 262
160 263
160 285
160 286
160 405
160 406
160 407
160 408
160 424
160 425
160 430
160 431
160 432
160 444
160 445
160 446
160 458
160 459
160 472
161 349
161 350
161 351
161 371
161 372
161 373
161 449
161 450
162 2
162 3
162 5
162 10
162 35
162 49
162 53
162 54
162 73
162 74
162 75
162 99
162 151
162 199
162 219
162 260
162 261
162 262
162 263
162 302
162 327
162 346
162 371
162 411
162 413
162 430
162 431
162 432
162 436
162 437
162 438
162 446
162 461
162 476
162 479
163 19
163 49
163 76
163 77
163 78
163 79
163 218
163 265
163 334
163 335
163 336
163 337
163 338
163 339
163 340
163 341
163 342
163 436
163 437
163 438
163 472
164 40
164 50
164 64
164 65
164 66
164 67
164 69
164 70
164 71
164 154
164 158
164 251
164 252
164 267
164 277
164 279
164 282
164 283
164 284
164 286
164 287
164 288
164 319
164 431
164 442
164 443
166 382
166 383
166 384
166 385
166 386
166 387
166 388
166 389
166 414
169 35
169 36
169 37
169 38
169 39
169 45
169 46
169 322
169 382
169 434
169 449
171 49
171 54
171 73
171 74
171 75
171 158
171 219
171 282
171 283
171 284
171 319
171 348
171 405
171 406
171 407
171 408
171 412
171 413
171 436
171 437
171 438
171 453
171 477
175 33
175 34
175 36
175 54
175 202
175 203
175 204
175 205
175 206
175 208
175 209
175 210
175 232
175 265
175 282
175 283
175 284
175 382
175 431
176 35
176 36
176 37
176 38
176 39
176 54
176 118
176 127
176 173
176 176
176 186
176 188
176 194
176 238
176 335
176 414
177 35
177 36
177 37
177 38
177 39
177 54
177 118
177 127
177 173
177 176
177 186
177 188
177 194
177 238
177 335
177 414
181 6
181 49
181 77
181 78
181 79
181 176
181 188
181 194
181 238
181 286
181 413
181 461
197 27
197 45
197 46
197 76
197 77
197 78
197 79
197 219
197 238
197 258
197 282
197 283
197 284
197 308
197 319
197 405
197 406
197 407
197 408
197 411
197 412
197 413
197 436
197 437
197 438
197 461
197 463
197 465
197 472
198 27
198 44
198 49
198 64
198 76
198 77
198 78
198 79
198 82
198 106
198 107
198 108
198 109
198 199
198 200
198 214
198 215
198 216
198 238
198 258
198 282
198 283
198 284
198 334
198 335
198 336
198 337
198 338
198 339
198 340
198 341
198 342
198 405
198 406
198 407
198 408
198 469
198 478
200 0
200 6
200 7
200 44
200 49
200 54
200 158
200 159
200 409
200 436
200 437
200 438
200 456
201 11
201 12
201 13
201 14
201 15
201 16
201 17
201 45
201 46
201 47
201 85
201 103
201 105
201 132
201 133
201 149
201 150
201 261
201 262
201 263
201 265
201 274
201 292
201 293
201 295
201 296
201 299
201 300
201 349
201 350
201 351
201 371
201 372
201 373
201 382
201 383
201 384
201 385
201 414
201 431
201 465
201 471
201 481
202 35
202 36
202 37
202 38
202 39
202 44
202 76
202 77
202 78
202 79
202 158
202 219
202 268
202 269
202 270
202 271
202 280
202 281
202 282
202 283
202 284
202 355
202 405
202 406
202 407
202 408
202 409
202 416
202 418
202 420
202 421
202 469
203 0
203 44
203 49
203 151
203 202
203 203
203 204
203 205
203 206
203 207
203 208
203 209
203 219
203 280
203 281
203 282
203 283
203 284
203 354
203 355
203 356
203 405
203 406
203 407
203 408
203 411
203 412
203 413
203 416
203 436
203 437
203 438
203 472
203 478
203 479
207 19
207 20
207 40
207 50
207 106
207 107
207 108
207 109
207 158
207 214
207 216
207 219
207 232
207 234
207 235
207 236
207 237
207 267
207 272
207 273
207 274
207 275
207 276
207 277
207 279
207 320
207 405
207 406
207 407
207 408
207 411
207 436
207 437
207 438
207 470
207 472
207 478
208 54
208 132
208 133
208 219
208 274
208 280
208 281
208 320
208 355
208 356
208 405
208 406
208 407
208 408
208 416
208 417
208 418
208 419
208 420
208 421
208 422
208 469
208 472
209 76
209 77
209 78
209 252
209 343
209 371
209 406
210 6
210 49
210 202
210 203
210 204
210 205
210 206
210 207
210 208
210 209
210 210
210 238
210 292
210 293
210 295
210 296
210 299
210 300
210 349
210 350
210 351
210 371
210 372
210 373
210 416
210 418
210 419
210 420
210 421
210 458
210 459
211 141
211 142
212 11
212 12
212 13
212 14
212 15
212 16
212 17
212 45
212 46
212 47
212 49
212 54
212 64
212 72
212 76
212 77
212 78
212 79
212 106
212 107
212 108
212 109
212 214
212 215
212 216
212 218
212 219
212 239
212 273
212 315
212 342
212 397
212 405
212 406
212 407
212 408
212 429
212 436
212 437
212 438
212 456
212 469
212 472
212 479
214 0
214 2
214 6
214 7
214 13
214 35
214 36
214 37
214 38
214 39
214 40
214 49
214 50
214 54
214 64
214 65
214 66
214 67
214 69
214 70
214 71
214 76
214 77
214 78
214 79
214 85
214 90
214 105
214 110
214 111
214 112
214 125
214 129
214 132
214 133
214 141
214 159
214 199
214 210
214 218
214 220
214 239
214 242
214 243
214 244
214 252
214 264
214 267
214 274
214 277
214 279
214 309
214 315
214 404
214 405
214 406
214 407
214 408
214 412
214 413
214 416
214 417
214 418
214 419
214 420
214 421
214 422
214 436
214 437
214 438
214 442
214 443
214 456
214 461
214 463
214 469
214 476
214 477
214 478
215 44
215 49
215 54
215 64
215 76
215 77
215 78
215 79
215 81
215 82
215 85
215 87
215 93
215 94
215 99
215 100
215 103
215 105
215 157
215 158
215 219
215 232
215 238
215 252
215 258
215 280
215 281
215 282
215 283
215 284
215 308
215 354
215 355
215 356
215 358
215 359
215 360
215 361
215 362
215 363
215 364
215 405
215 406
215 407
215 408
215 414
215 436
215 437
215 438
215 456
215 468
215 472
215 478
215 479
216 11
216 12
216 13
216 18
216 44
216 45
216 46
216 47
216 49
216 64
216 76
216 77
216 78
216 79
216 81
216 82
216 85
216 87
216 93
216 94
216 95
216 99
216 100
216 103
216 105
216 130
216 149
216 150
216 157
216 158
216 218
216 219
216 238
216 239
216 258
216 261
216 262
216 263
216 280
216 308
216 309
216 319
216 334
216 335
216 336
216 337
216 338
216 339
216 340
216 341
216 342
216 343
216 371
216 405
216 406
216 407
216 408
216 412
216 413
216 431
216 434
216 436
216 437
216 438
216 463
216 469
216 472
216 478
217 14
217 15
217 44
217 45
217 46
217 81
217 82
217 91
217 99
217 100
217 106
217 107
217 108
217 109
217 114
217 158
217 214
217 216
217 239
217 343
217 371
217 405
217 406
217 407
217 408
217 409
217 418
217 436
217 437
217 438
217 468
217 469
217 479
218 436
218 437
218 438
218 472
219 19
219 20
219 76
219 77
219 78
219 79
219 105
219 106
219 107
219 108
219 109
219 151
219 159
219 214
219 215
219 216
219 218
219 219
219 238
219 239
219 258
219 259
219 264
219 315
219 358
219 405
219 406
219 407
219 408
219 424
219 436
219 437
219 438
219 458
219 463
219 466
219 469
219 477
219 478
221 151
223 452
227 19
227 20
227 106
227 107
227 108
227 109
227 134
227 135
227 214
227 215
227 216
231 44
231 76
231 77
231 78
231 81
231 82
231 85
231 87
231 93
231 94
231 99
231 100
231 103
231 105
231 416
231 417
231 418
231 419
231 420
231 421
231 422
231 436
231 437
231 438
231 468
232 11
232 12
232 13
232 14
232 15
232 16
232 17
232 23
232 45
232 46
232 47
232 49
232 158
232 169
232 297
232 303
233 49
233 54
233 407
233 436
233 437
233 438
233 439
233 456
234 0
234 14
234 45
234 46
234 49
234 91
234 219
234 266
234 286
234 405
234 406
234 407
234 408
234 436
234 437
234 438
234 456
234 469
234 472
234 478
234 481
235 0
235 6
235 7
235 11
235 12
235 13
235 14
235 15
235 16
235 17
235 44
235 45
235 46
235 47
235 54
235 76
235 77
235 78
235 79
235 113
235 117
235 127
235 129
235 159
235 286
235 299
235 300
235 315
235 348
235 349
235 350
235 351
235 367
235 371
235 372
235 373
235 405
235 406
235 407
235 408
235 416
235 417
235 418
235 419
235 420
235 421
235 422
235 436
235 437
235 438
235 449
235 450
235 456
235 469
235 472
235 478
236 5
236 10
236 19
236 20
236 26
236 27
236 106
236 107
236 108
236 109
236 154
236 155
236 214
236 215
236 216
236 231
236 232
236 234
236 235
236 236
236 237
236 238
236 242
236 243
236 244
236 249
236 252
236 253
236 254
236 255
236 258
236 259
236 260
236 261
236 262
236 263
236 272
236 273
236 274
236 275
236 285
236 308
236 343
236 371
236 409
236 410
236 424
236 425
236 430
236 431
236 432
236 444
236 445
236 446
236 449
236 458
236 459
236 461
236 472
236 477
236 478
237 3
237 18
237 19
237 83
237 204
237 219
237 261
237 262
237 263
237 315
237 319
237 327
237 349
237 350
237 351
237 367
237 371
237 372
237 373
237 405
237 406
237 407
237 408
237 411
237 424
237 431
237 439
237 449
237 450
237 478
238 5
238 6
238 10
238 26
238 27
238 28
238 44
238 54
238 73
238 76
238 77
238 78
238 79
238 154
238 155
238 158
238 159
238 218
238 231
238 238
238 239
238 249
238 253
238 254
238 255
238 258
238 259
238 260
238 261
238 262
238 263
238 268
238 269
238 270
238 271
238 285
238 308
238 315
238 367
238 405
238 406
238 407
238 408
238 416
238 417
238 418
238 419
238 420
238 421
238 422
238 424
238 425
238 430
238 431
238 432
238 444
238 445
238 446
238 458
238 459
238 461
238 463
238 469
238 476
238 477
238 478
239 40
239 45
239 46
239 49
239 50
239 64
239 65
239 66
239 67
239 69
239 70
239 71
239 73
239 74
239 75
239 76
239 77
239 78
239 79
239 99
239 100
239 151
239 157
239 158
239 218
239 219
239 238
239 239
239 258
239 261
239 262
239 263
239 264
239 267
239 276
239 277
239 279
239 280
239 281
239 286
239 299
239 300
239 308
239 315
239 319
239 321
239 354
239 355
239 356
239 405
239 406
239 407
239 408
239 409
239 411
239 412
239 413
239 431
239 436
239 437
239 438
239 440
239 442
239 443
239 458
239 461
239 463
239 469
239 471
239 472
239 477
239 478
239 479
240 151
241 44
241 239
241 264
241 282
241 283
241 284
241 405
241 406
241 407
241 408
241 461
241 463
241 469
241 477
241 478
241 479
241 484
242 73
242 76
242 77
242 78
242 79
242 151
242 159
242 209
242 219
242 242
242 243
242 244
242 308
242 335
242 439
242 453
242 461
242 472
243 82
243 405
243 406
243 407
243 408
243 479
244 5
244 6
244 10
244 11
244 12
244 13
244 14
244 15
244 16
244 17
244 20
244 26
244 27
244 36
244 45
244 46
244 47
244 49
244 76
244 77
244 78
244 79
244 81
244 82
244 85
244 87
244 93
244 94
244 99
244 100
244 103
244 105
244 106
244 107
244 108
244 109
244 120
244 151
244 154
244 155
244 199
244 214
244 216
244 218
244 219
244 231
244 232
244 238
244 239
244 242
244 249
244 253
244 254
244 255
244 258
244 259
244 260
244 261
244 262
244 263
244 264
244 280
244 282
244 283
244 284
244 285
244 286
244 288
244 319
244 323
244 334
244 335
244 336
244 337
244 338
244 339
244 340
244 341
244 342
244 343
244 346
244 348
244 367
244 405
244 406
244 407
244 408
244 409
244 411
244 412
244 413
244 424
244 425
244 430
244 431
244 432
244 436
244 437
244 438
244 440
244 444
244 445
244 446
244 453
244 456
244 458
244 459
244 461
244 469
244 472
244 477
244 478
244 479
245 40
245 44
245 50
245 76
245 77
245 78
245 79
245 80
245 85
245 103
245 124
245 151
245 202
245 203
245 204
245 208
245 210
245 264
245 267
245 277
245 282
245 283
245 284
245 315
245 384
245 405
245 406
245 407
245 408
245 424
245 472
245 477
246 0
246 6
246 7
246 39
246 44
246 76
246 77
246 78
246 79
246 158
246 159
246 199
246 264
246 319
246 435
246 436
246 437
246 438
246 463
246 477
246 478
246 479
247 151
247 239
247 469
248 39
248 151
248 316
248 317
248 318
248 319
248 320
248 321
248 322
248 435
249 158
249 405
249 440
249 469
249 476
250 73
250 74
250 75
251 45
251 46
251 47
251 282
251 283
251 284
251 315
251 472
252 49
252 81
252 82
252 85
252 91
252 232
252 409
253 31
253 219
253 306
253 368
253 369
253 370
253 405
253 406
253 407
253 408
253 469
254 44
254 238
254 258
254 282
254 283
254 284
254 405
254 406
254 407
254 408
254 413
254 436
254 458
254 468
254 472
255 11
255 12
255 13
255 14
255 15
255 16
255 17
255 18
255 40
255 45
255 46
255 47
255 50
255 147
255 219
255 239
255 267
255 277
255 279
255 282
255 283
255 284
255 307
255 319
255 333
255 385
255 405
255 406
255 407
255 408
255 430
255 431
255 463
255 469
255 477
255 478
257 132
257 133
257 274
257 409
258 357
261 106
261 107
261 108
261 109
261 214
261 216
261 239
261 242
261 264
261 315
261 405
261 406
261 407
261 408
261 463
261 469
261 470
261 477
264 35
264 36
264 37
264 38
264 39
264 40
264 44
264 50
264 54
264 76
264 77
264 78
264 79
264 85
264 87
264 99
264 132
264 133
264 147
264 159
264 219
264 227
264 238
264 258
264 264
264 267
264 274
264 277
264 279
264 280
264 282
264 283
264 284
264 319
264 346
264 358
264 362
264 363
264 364
264 405
264 406
264 407
264 408
264 409
264 416
264 418
264 430
264 439
264 463
264 465
264 469
264 472
264 476
264 477
266 357
267 11
267 12
267 13
267 14
267 15
267 16
267 17
267 44
267 45
267 46
267 47
267 218
267 219
267 239
267 264
267 308
267 315
267 405
267 406
267 407
267 408
267 409
267 411
267 436
267 437
267 438
267 469
267 472
269 453
269 454
269 455
270 6
270 64
270 76
270 77
270 78
270 79
270 218
270 219
270 282
270 283
270 284
270 295
270 296
270 315
270 371
270 372
270 405
270 406
270 407
270 408
270 461
270 463
270 469
270 472
270 477
270 478
271 49
271 73
271 76
271 77
271 78
271 79
271 167
271 218
271 220
271 239
271 256
271 315
271 385
271 405
271 406
271 407
271 408
271 411
271 416
271 417
271 418
271 419
271 420
271 421
271 422
271 424
271 432
271 433
271 436
271 437
271 438
271 440
271 456
271 461
271 463
271 468
271 469
271 472
271 477
271 478
271 479
271 481
272 456
272 479
273 5
273 10
273 21
273 26
273 27
273 35
273 40
273 49
273 50
273 76
273 77
273 78
273 79
273 81
273 82
273 85
273 87
273 91
273 93
273 94
273 95
273 99
273 100
273 103
273 105
273 154
273 155
273 197
273 198
273 202
273 203
273 204
273 205
273 206
273 207
273 208
273 209
273 210
273 218
273 219
273 231
273 238
273 249
273 253
273 254
273 255
273 258
273 259
273 260
273 261
273 262
273 263
273 267
273 268
273 269
273 270
273 271
273 277
273 279
273 282
273 283
273 284
273 285
273 299
273 300
273 302
273 315
273 319
273 357
273 405
273 406
273 407
273 408
273 409
273 412
273 413
273 424
273 425
273 430
273 431
273 432
273 436
273 437
273 438
273 444
273 445
273 446
273 458
273 459
273 469
273 472
273 476
273 477
273 478
273 479
274 36
274 44
274 45
274 46
274 49
274 76
274 77
274 78
274 79
274 84
274 158
274 169
274 219
274 238
274 245
274 258
274 280
274 281
274 319
274 348
274 355
274 356
274 405
274 406
274 407
274 408
274 436
274 437
274 438
274 472
274 479
275 98
275 106
275 107
275 108
275 109
275 202
275 203
275 204
275 205
275 206
275 207
275 208
275 209
275 210
275 214
275 215
275 216
275 274
275 280
275 281
275 305
275 306
275 327
275 354
275 355
275 356
275 434
275 476
276 3
276 44
276 76
276 77
276 78
276 79
276 99
276 100
276 134
276 135
276 136
276 151
276 152
276 158
276 197
276 198
276 218
276 219
276 239
276 252
276 268
276 269
276 270
276 271
276 319
276 327
276 340
276 405
276 406
276 407
276 408
276 411
276 424
276 436
276 437
276 438
276 456
276 461
276 469
276 472
276 478
276 479
277 28
277 458
278 11
278 20
278 35
278 36
278 37
278 38
278 39
278 59
278 76
278 77
278 78
278 79
278 99
278 106
278 107
278 108
278 109
278 159
278 200
278 202
278 214
278 216
278 238
278 252
278 258
278 287
278 303
278 323
278 326
278 357
278 405
278 407
278 416
278 478
280 227
280 280
280 281
280 319
280 354
280 355
280 356
280 409
280 410
280 436
280 437
280 438
280 479
280 481
281 49
281 64
281 76
281 77
281 78
281 79
281 280
281 281
281 354
281 355
281 356
281 405
281 406
281 407
281 408
281 436
281 437
281 438
281 469
281 472
282 44
282 49
282 64
282 65
282 66
282 67
282 69
282 70
282 71
282 76
282 77
282 78
282 79
282 99
282 132
282 133
282 154
282 158
282 165
282 219
282 256
282 274
282 282
282 283
282 284
282 308
282 315
282 385
282 405
282 406
282 407
282 408
282 410
282 412
282 424
282 431
282 439
282 440
282 442
282 443
282 465
282 467
282 469
282 471
282 472
282 474
282 478
283 44
283 151
283 199
283 282
283 283
283 284
283 436
283 437
283 438
283 456
283 465
283 471
283 472
284 45
284 46
284 64
284 65
284 66
284 67
284 69
284 70
284 71
284 76
284 77
284 78
284 79
284 151
284 176
284 204
284 219
284 252
284 264
284 282
284 283
284 284
284 315
284 346
284 405
284 406
284 407
284 408
284 442
284 443
284 456
284 463
284 465
284 469
284 471
284 472
284 478
287 49
287 157
287 238
287 258
290 44
290 76
290 77
290 78
290 282
290 283
290 284
290 315
290 463
292 14
292 45
292 46
292 85
292 94
292 99
292 132
292 133
292 134
292 159
292 218
292 219
292 265
292 274
292 405
292 406
292 407
292 408
292 476
294 40
294 50
294 124
294 267
294 277
294 434
294 476
296 49
296 130
296 219
296 282
296 283
296 284
296 405
296 406
296 407
296 408
296 409
296 465
296 481
297 15
297 40
297 44
297 50
297 59
297 138
297 145
297 264
297 267
297 277
297 282
297 283
297 284
297 319
297 405
297 406
297 407
297 408
297 424
297 456
297 461
297 465
297 471
297 472
297 474
297 477
299 0
299 6
299 44
299 49
299 76
299 77
299 78
299 79
299 88
299 110
299 111
299 112
299 125
299 168
299 169
299 218
299 239
299 264
299 266
299 282
299 283
299 284
299 298
299 299
299 300
299 315
299 319
299 326
299 343
299 344
299 345
299 357
299 371
299 405
299 406
299 407
299 408
299 409
299 411
299 412
299 413
299 414
299 424
299 440
299 453
299 454
299 456
299 461
299 463
299 469
299 477
299 478
299 479
300 0
300 6
300 7
300 49
300 64
300 76
300 77
300 78
300 79
300 91
300 141
300 142
300 159
300 169
300 199
300 204
300 282
300 283
300 284
300 299
300 300
300 319
300 343
300 344
300 345
300 358
300 371
300 385
300 405
300 406
300 407
300 408
300 411
300 414
300 424
300 434
300 463
300 479
302 49
302 76
302 77
302 78
302 79
302 157
302 169
302 202
302 203
302 204
302 205
302 206
302 207
302 208
302 209
302 210
302 239
302 299
302 300
302 319
302 348
302 405
302 406
302 407
302 408
302 418
302 456
302 463
302 465
302 471
302 476
302 477
302 478
303 20
303 44
303 49
303 76
303 77
303 78
303 79
303 85
303 157
303 218
303 219
303 239
303 242
303 243
303 244
303 280
303 281
303 285
303 315
303 405
303 406
303 407
303 408
303 411
303 414
303 436
303 437
303 438
303 463
303 468
303 469
303 472
303 478
304 11
304 12
304 13
304 14
304 15
304 16
304 17
304 44
304 45
304 46
304 47
304 76
304 77
304 78
304 79
304 82
304 116
304 127
304 218
304 239
304 319
304 404
304 405
304 406
304 407
304 408
304 424
304 431
304 436
304 437
304 438
304 456
304 469
304 472
304 478
304 481
307 3
307 11
307 12
307 13
307 14
307 15
307 16
307 17
307 26
307 27
307 45
307 46
307 47
307 76
307 77
307 78
307 147
307 158
307 197
307 198
307 199
307 219
307 236
307 239
307 258
307 264
307 273
307 302
307 319
307 348
307 367
307 405
307 406
307 407
307 408
307 458
307 459
307 461
307 469
307 476
307 477
307 478
308 357
309 15
309 19
309 20
309 40
309 49
309 50
309 76
309 77
309 78
309 79
309 106
309 107
309 108
309 109
309 117
309 199
309 202
309 203
309 204
309 205
309 206
309 207
309 208
309 209
309 210
309 214
309 215
309 216
309 218
309 219
309 267
309 277
309 279
309 282
309 283
309 284
309 315
309 319
309 346
309 405
309 406
309 407
309 408
309 412
309 436
309 437
309 438
309 463
309 465
309 469
309 472
309 478
311 385
314 405
314 406
314 407
314 408
314 436
314 437
314 438
315 24
315 40
315 49
315 50
315 64
315 76
315 77
315 78
315 79
315 132
315 133
315 158
315 218
315 267
315 274
315 277
315 279
315 308
315 334
315 335
315 336
315 337
315 338
315 339
315 340
315 341
315 342
315 345
315 405
315 406
315 407
315 408
315 420
315 436
315 437
315 438
315 463
315 469
315 472
315 476
315 477
315 478
315 479
317 49
318 18
318 35
318 36
318 37
318 38
318 39
318 282
318 283
318 284
318 424
318 430
318 431
318 439
322 33
322 34
322 35
322 36
322 37
322 38
322 39
322 197
322 198
322 232
322 238
322 258
322 259
322 302
322 327
322 335
322 458
322 459
323 31
323 76
323 77
323 78
323 79
323 151
323 169
323 218
323 219
323 239
323 265
323 282
323 283
323 284
323 299
323 300
323 301
323 315
323 321
323 331
323 346
323 368
323 369
323 370
323 405
323 406
323 407
323 408
323 418
323 424
323 436
323 437
323 438
323 469
323 479
324 76
324 77
324 78
324 79
324 151
324 218
324 239
324 280
324 281
324 315
324 355
324 405
324 406
324 407
324 408
324 436
324 437
324 438
324 456
324 463
324 469
324 472
324 477
324 479
325 40
325 44
325 50
325 76
325 77
325 78
325 79
325 132
325 133
325 138
325 176
325 207
325 219
325 223
325 226
325 240
325 242
325 251
325 267
325 274
325 277
325 357
325 390
325 391
325 392
325 393
325 394
325 395
325 396
325 397
325 398
325 399
325 400
325 401
325 402
325 403
325 404
325 405
325 406
325 407
325 408
325 415
325 436
325 437
325 438
325 462
325 469
330 35
330 36
330 37
330 38
330 39
330 44
330 82
330 153
330 178
330 180
330 195
330 218
330 219
330 238
330 239
330 245
330 258
330 259
330 282
330 283
330 284
330 315
330 405
330 406
330 407
330 408
330 409
330 410
330 418
330 456
330 458
330 459
330 469
330 476
330 481
331 44
331 49
331 64
331 76
331 77
331 78
331 79
331 151
331 158
331 218
331 219
331 236
331 239
331 256
331 273
331 315
331 320
331 385
331 405
331 406
331 407
331 408
331 469
331 472
331 478
331 479
332 204
332 239
332 315
332 405
332 406
332 407
332 408
332 463
332 469
332 477
335 49
335 76
335 77
335 78
335 79
335 124
335 151
335 197
335 218
335 239
335 242
335 264
335 308
335 315
335 382
335 405
335 406
335 407
335 408
335 424
335 436
335 437
335 438
335 463
335 469
335 472
335 477
335 478
335 479
338 54
338 357
339 5
339 10
339 26
339 27
339 40
339 44
339 49
339 50
339 73
339 74
339 75
339 76
339 77
339 78
339 79
339 154
339 155
339 158
339 218
339 219
339 231
339 238
339 239
339 242
339 249
339 253
339 254
339 255
339 258
339 259
339 260
339 261
339 262
339 263
339 264
339 267
339 268
339 269
339 270
339 271
339 276
339 277
339 279
339 282
339 283
339 284
339 285
339 315
339 404
339 405
339 406
339 407
339 408
339 424
339 425
339 430
339 431
339 432
339 436
339 437
339 438
339 444
339 445
339 446
339 458
339 459
339 463
339 469
339 472
339 477
339 478
339 479
340 0
340 40
340 50
340 76
340 77
340 78
340 79
340 81
340 82
340 85
340 87
340 93
340 94
340 99
340 100
340 103
340 105
340 117
340 132
340 133
340 151
340 158
340 218
340 239
340 267
340 274
340 276
340 277
340 279
340 282
340 283
340 284
340 315
340 319
340 346
340 367
340 405
340 406
340 407
340 408
340 456
340 463
340 468
340 469
340 477
340 478
344 35
344 53
344 158
344 282
344 283
344 284
344 299
344 300
344 405
344 406
344 407
344 408
344 411
344 412
344 413
344 436
344 437
344 438
345 169
345 170
345 299
345 300
345 343
345 371
346 19
346 20
346 48
346 61
346 106
346 107
346 108
346 109
346 110
346 111
346 112
346 115
346 116
346 117
346 119
346 120
346 121
346 125
346 214
346 216
346 219
346 232
346 234
346 235
346 236
346 237
346 242
346 243
346 244
346 261
346 262
346 263
346 272
346 273
346 274
346 275
346 357
346 397
346 431
346 440
347 106
347 107
347 108
347 109
347 115
347 116
347 117
347 119
347 121
347 130
347 214
347 216
348 49
348 436
348 437
348 438
349 15
349 31
349 40
349 50
349 76
349 77
349 78
349 79
349 136
349 161
349 267
349 277
349 279
349 319
349 321
349 357
349 358
349 365
349 368
349 369
349 370
349 405
349 406
349 407
349 408
349 424
349 474
349 478
349 479
350 19
350 24
350 31
350 98
350 111
350 147
350 218
350 305
350 314
350 319
350 335
350 340
350 342
350 345
350 365
350 367
350 368
350 369
350 370
350 405
350 406
350 407
350 408
350 416
350 417
350 418
350 419
350 420
350 421
350 422
350 427
350 470
350 476
350 479
352 2
352 14
352 44
352 73
352 74
352 75
352 76
352 77
352 78
352 79
352 159
352 218
352 239
352 338
352 405
352 408
352 436
352 437
352 438
352 463
352 469
352 472
352 477
352 479
353 28
353 76
353 77
353 78
353 79
353 83
353 106
353 107
353 108
353 109
353 139
353 140
353 154
353 158
353 168
353 214
353 215
353 216
353 218
353 219
353 242
353 262
353 280
353 299
353 300
353 312
353 353
353 355
353 405
353 406
353 407
353 408
353 409
353 418
353 431
353 436
353 437
353 438
353 453
353 469
353 470
353 472
353 478
353 479
354 11
354 45
354 46
354 72
354 76
354 77
354 78
354 79
354 175
354 219
354 280
354 281
354 319
354 333
354 338
354 339
354 354
354 355
354 356
354 405
354 406
354 407
354 408
354 436
354 437
354 438
354 463
355 118
355 127
355 158
355 299
355 300
355 315
355 405
355 407
355 408
355 463
355 468
356 11
356 12
356 13
356 14
356 15
356 16
356 17
356 45
356 46
356 47
356 76
356 77
356 78
356 79
356 218
356 219
356 252
356 280
356 281
356 319
356 355
356 405
356 406
356 407
356 408
356 409
356 412
356 436
356 437
356 438
356 453
356 454
356 455
356 469
356 472
357 99
357 100
357 130
357 409
357 465
357 472
358 0
358 11
358 12
358 13
358 14
358 15
358 16
358 17
358 45
358 46
358 47
358 72
358 76
358 77
358 78
358 79
358 134
358 218
358 219
358 285
358 320
358 333
358 405
358 406
358 407
358 408
358 424
358 426
358 434
358 436
358 437
358 438
358 439
358 469
358 472
358 478
359 49
359 76
359 77
359 78
359 79
359 161
359 219
359 238
359 256
359 258
359 282
359 283
359 284
359 286
359 319
359 358
359 405
359 406
359 407
359 408
359 413
359 468
359 479
360 76
360 77
360 78
360 79
360 99
360 103
360 105
360 132
360 133
360 218
360 239
360 274
360 302
360 319
360 367
360 405
360 406
360 407
360 408
360 412
360 413
360 449
360 452
360 453
360 463
360 469
360 477
360 478
360 479
362 76
362 77
362 78
362 79
362 218
362 219
362 239
362 280
362 281
362 282
362 283
362 284
362 315
362 343
362 355
362 405
362 406
362 407
362 408
362 409
362 461
362 469
362 478
363 76
363 77
363 78
363 79
363 154
363 219
363 239
363 256
363 257
363 264
363 292
363 293
363 308
363 319
363 371
363 405
363 406
363 407
363 408
363 409
363 431
363 441
363 469
363 478
364 436
364 437
364 438
364 472
366 405
367 233
368 0
368 5
368 6
368 10
368 26
368 27
368 31
368 35
368 36
368 37
368 38
368 39
368 49
368 81
368 82
368 85
368 87
368 93
368 94
368 99
368 100
368 103
368 105
368 106
368 107
368 108
368 109
368 110
368 111
368 112
368 115
368 116
368 117
368 119
368 120
368 121
368 125
368 129
368 154
368 155
368 159
368 163
368 164
368 214
368 215
368 216
368 219
368 222
368 227
368 231
368 233
368 236
368 238
368 239
368 242
368 249
368 253
368 254
368 255
368 258
368 259
368 260
368 261
368 262
368 263
368 273
368 274
368 285
368 286
368 290
368 319
368 333
368 368
368 369
368 370
368 382
368 383
368 384
368 385
368 386
368 387
368 388
368 389
368 404
368 405
368 406
368 407
368 408
368 424
368 425
368 430
368 431
368 432
368 436
368 437
368 438
368 444
368 445
368 446
368 458
368 459
368 463
368 465
368 469
368 476
368 477
369 82
369 418
369 420
371 76
371 77
371 78
371 79
371 218
371 219
371 238
371 239
371 258
371 308
371 405
371 406
371 407
371 408
371 436
371 437
371 438
371 469
371 478
372 3
372 76
372 77
372 78
372 79
372 81
372 99
372 106
372 107
372 108
372 109
372 144
372 151
372 214
372 215
372 216
372 218
372 219
372 239
372 282
372 283
372 284
372 302
372 308
372 327
372 346
372 405
372 406
372 407
372 408
372 410
372 436
372 464
372 465
372 471
374 286
374 288
375 54
375 436
375 437
375 438
376 85
376 99
376 132
376 133
376 134
376 218
376 219
376 232
376 274
376 280
376 281
376 308
376 355
376 405
376 406
376 407
376 408
376 431
376 436
376 437
376 438
376 469
377 210
377 282
377 283
377 284
378 44
378 141
378 282
378 283
378 284
378 472
379 151
379 158
379 202
379 203
379 204
379 326
379 358
379 367
379 478
379 479
380 19
380 20
380 106
380 107
380 108
380 109
380 214
380 215
380 216
380 436
380 456
381 485
382 204
382 264
382 458
383 0
383 44
383 218
383 256
383 282
383 283
383 284
383 320
383 357
383 405
383 406
383 407
383 408
383 412
383 436
383 437
383 438
383 456
383 469
383 472
383 478
383 479
384 76
384 77
384 78
384 79
384 99
384 145
384 280
384 286
384 335
384 337
384 357
384 385
384 411
384 436
384 437
384 438
384 472
385 76
385 77
385 78
385 79
385 122
385 158
385 239
385 308
385 405
385 406
385 407
385 408
385 436
385 437
385 438
385 461
385 472
386 308
386 456
387 19
387 20
387 44
387 76
387 77
387 78
387 79
387 219
387 232
387 234
387 235
387 236
387 237
387 239
387 264
387 272
387 273
387 274
387 275
387 282
387 283
387 284
387 315
387 319
387 357
387 405
387 406
387 407
387 408
387 436
387 437
387 438
387 461
387 463
387 468
387 469
387 472
387 477
387 478
387 479
387 481
388 5
388 10
388 24
388 26
388 27
388 49
388 76
388 77
388 78
388 79
388 114
388 154
388 155
388 158
388 218
388 231
388 238
388 249
388 253
388 254
388 255
388 258
388 259
388 260
388 261
388 262
388 263
388 273
388 282
388 283
388 284
388 285
388 333
388 339
388 405
388 406
388 407
388 408
388 411
388 424
388 425
388 430
388 431
388 432
388 434
388 436
388 438
388 444
388 445
388 446
388 458
388 459
388 469
388 472
388 476
388 478
389 321
391 15
391 42
391 54
391 159
391 162
391 218
391 219
391 238
391 242
391 243
391 244
391 258
391 259
391 282
391 283
391 284
391 405
391 406
391 407
391 408
391 458
391 461
391 469
391 472
391 478
391 483
392 44
392 76
392 77
392 78
392 79
392 158
392 209
392 218
392 219
392 239
392 252
392 286
392 315
392 335
392 367
392 405
392 406
392 407
392 408
392 432
392 436
392 437
392 438
392 463
392 469
392 472
392 476
392 477
392 479
392 481
393 151
393 320
395 31
395 49
395 211
395 213
395 218
395 239
395 261
395 262
395 263
395 264
395 266
395 280
395 315
395 368
395 369
395 370
395 385
395 405
395 406
395 407
395 408
395 424
395 431
395 463
395 469
395 477
397 49
397 57
397 58
397 99
397 100
397 181
397 203
397 218
397 239
397 242
397 264
397 265
397 315
397 319
397 326
397 405
397 406
397 407
397 408
397 416
397 463
397 469
397 477
398 44
398 456
400 54
400 130
400 169
400 200
400 202
400 203
400 204
400 205
400 206
400 208
400 209
400 210
400 232
400 239
400 299
400 301
400 328
400 330
400 346
400 405
400 406
400 407
400 408
400 416
400 418
400 436
400 437
400 438
400 453
400 454
400 455
400 463
400 469
400 477
401 315
401 405
401 407
401 409
404 3
404 64
404 76
404 77
404 78
404 85
404 99
404 106
404 107
404 108
404 109
404 134
404 141
404 143
404 144
404 145
404 146
404 151
404 158
404 202
404 203
404 204
404 205
404 206
404 207
404 208
404 209
404 210
404 214
404 215
404 216
404 272
404 282
404 283
404 284
404 302
404 327
404 343
404 367
404 405
404 406
404 407
404 408
404 469
404 473
404 474
404 475
404 479
405 21
405 44
405 49
405 76
405 77
405 78
405 79
405 81
405 82
405 85
405 87
405 93
405 94
405 99
405 100
405 103
405 105
405 147
405 158
405 199
405 200
405 218
405 219
405 239
405 264
405 282
405 283
405 284
405 315
405 357
405 367
405 405
405 406
405 407
405 408
405 411
405 436
405 437
405 438
405 461
405 463
405 465
405 469
405 472
405 477
405 479
406 64
406 65
406 66
406 67
406 69
406 70
406 71
406 145
406 151
406 239
406 282
406 283
406 284
406 291
406 303
406 345
406 405
406 406
406 407
406 408
406 412
406 413
406 423
406 442
406 443
406 469
406 470
407 49
407 76
407 77
407 78
407 79
407 82
407 85
407 99
407 100
407 132
407 133
407 157
407 158
407 218
407 239
407 264
407 266
407 274
407 282
407 283
407 284
407 315
407 357
407 405
407 406
407 407
407 408
407 436
407 437
407 438
407 439
407 461
407 463
407 469
407 477
407 478
407 479
408 0
408 6
408 44
408 76
408 77
408 78
408 79
408 145
408 218
408 219
408 239
408 264
408 315
408 319
408 367
408 405
408 406
408 407
408 408
408 413
408 424
408 436
408 437
408 438
408 461
408 463
408 469
408 472
408 477
408 478
408 479
409 348
412 11
412 12
412 13
412 14
412 15
412 16
412 17
412 37
412 44
412 45
412 46
412 47
412 76
412 77
412 78
412 81
412 82
412 85
412 87
412 93
412 94
412 95
412 99
412 100
412 103
412 105
412 176
412 218
412 292
412 293
412 295
412 296
412 299
412 300
412 308
412 349
412 350
412 351
412 371
412 372
412 373
412 405
412 407
412 408
412 411
412 449
412 450
412 461
413 14
413 37
413 44
413 45
413 46
413 47
413 49
413 141
413 145
413 158
413 219
413 238
413 239
413 258
413 282
413 283
413 284
413 334
413 335
413 336
413 337
413 338
413 339
413 340
413 341
413 342
413 405
413 406
413 407
413 408
413 412
413 413
413 436
413 437
413 438
413 456
413 463
413 469
413 472
413 477
414 44
414 49
414 61
414 62
414 76
414 77
414 78
414 79
414 81
414 82
414 85
414 87
414 93
414 94
414 99
414 100
414 103
414 105
414 158
414 179
414 183
414 184
414 192
414 218
414 219
414 232
414 261
414 262
414 263
414 282
414 283
414 284
414 285
414 299
414 300
414 319
414 323
414 324
414 325
414 326
414 331
414 334
414 335
414 336
414 337
414 338
414 339
414 340
414 341
414 342
414 348
414 385
414 405
414 406
414 407
414 408
414 409
414 414
414 416
414 424
414 431
414 436
414 437
414 438
414 456
414 465
414 469
414 472
414 477
414 478
414 479
416 49
416 54
416 76
416 77
416 78
416 79
416 85
416 114
416 151
416 167
416 220
416 236
416 265
416 273
416 382
416 397
416 405
416 407
416 433
416 436
416 437
416 438
416 447
416 465
416 476
416 477
417 18
417 48
417 130
417 202
417 203
417 204
417 205
417 206
417 208
417 209
417 210
417 218
417 405
417 406
417 407
417 408
417 430
417 431
417 476
418 11
418 12
418 13
418 14
418 15
418 16
418 17
418 45
418 46
418 47
418 49
418 76
418 77
418 78
418 79
418 106
418 107
418 108
418 109
418 143
418 144
418 145
418 146
418 151
418 214
418 216
418 219
418 239
418 282
418 283
418 284
418 317
418 321
418 326
418 338
418 339
418 405
418 406
418 407
418 408
418 436
418 437
418 438
418 463
418 464
418 469
418 477
418 479
419 14
419 45
419 46
419 47
419 49
419 81
419 82
419 85
419 87
419 93
419 94
419 99
419 100
419 103
419 105
419 202
419 203
419 204
419 205
419 206
419 208
419 209
419 210
419 288
419 335
419 409
419 414
420 82
420 303
421 106
421 107
421 108
421 109
421 214
421 215
421 216
421 274
421 414
422 11
422 31
422 49
422 76
422 77
422 78
422 79
422 85
422 91
422 106
422 107
422 108
422 109
422 151
422 202
422 203
422 204
422 205
422 206
422 207
422 208
422 209
422 214
422 215
422 216
422 218
422 232
422 239
422 264
422 315
422 367
422 368
422 369
422 370
422 405
422 406
422 407
422 408
422 441
422 463
422 469
422 477
422 479
426 80
426 85
426 87
426 103
426 105
426 132
426 133
426 134
426 158
426 219
426 236
426 251
426 273
426 274
426 295
426 296
426 371
426 372
426 405
426 406
426 407
426 408
426 409
426 436
426 438
426 461
426 469
426 471
426 481
428 44
428 76
428 77
428 78
428 85
428 158
428 232
428 382
428 383
428 384
428 385
428 386
428 387
428 388
428 389
428 409
428 428
430 49
430 54
430 76
430 77
430 78
430 79
430 218
430 239
430 297
430 315
430 405
430 406
430 407
430 408
430 412
430 413
430 469
430 479
431 1
431 14
431 44
431 49
431 64
431 76
431 77
431 78
431 79
431 158
431 218
431 219
431 320
431 348
431 405
431 406
431 407
431 408
431 413
431 436
431 437
431 438
431 469
431 472
432 21
432 22
432 62
432 76
432 77
432 78
432 79
432 122
432 166
432 218
432 219
432 280
432 281
432 302
432 355
432 405
432 406
432 407
432 408
432 413
432 416
432 417
432 418
432 419
432 420
432 421
432 422
432 465
432 469
432 471
432 472
432 479
433 106
433 107
433 108
433 109
433 214
433 215
433 216
434 5
434 10
434 26
434 27
434 33
434 34
434 49
434 76
434 77
434 78
434 79
434 154
434 155
434 158
434 172
434 175
434 178
434 190
434 191
434 218
434 219
434 227
434 231
434 238
434 239
434 249
434 253
434 254
434 255
434 258
434 259
434 260
434 261
434 262
434 263
434 282
434 283
434 284
434 285
434 300
434 305
434 308
434 315
434 319
434 320
434 321
434 333
434 405
434 406
434 407
434 408
434 411
434 424
434 425
434 430
434 431
434 432
434 436
434 437
434 438
434 444
434 445
434 446
434 449
434 456
434 458
434 459
434 463
434 469
434 472
434 477
435 15
435 163
435 164
435 219
435 261
435 262
435 263
435 282
435 283
435 284
435 319
435 371
435 405
435 407
435 408
435 431
435 436
435 437
435 438
435 456
435 461
435 470
436 76
436 77
436 78
436 79
436 199
436 405
436 406
436 407
436 408
436 411
436 477
436 478
439 44
439 64
439 77
439 113
439 129
439 151
439 158
439 274
439 299
439 300
439 385
439 404
439 436
439 437
439 438
439 463
439 472
440 11
440 12
440 13
440 14
440 15
440 16
440 17
440 45
440 46
440 47
440 85
440 87
440 94
440 99
440 103
440 105
440 151
440 292
440 293
440 315
440 320
440 353
440 371
440 405
440 406
440 407
440 408
440 469
440 479
442 0
442 6
442 7
442 159
442 308
442 479
444 19
444 20
444 36
444 49
444 76
444 99
444 103
444 105
444 106
444 107
444 108
444 109
444 136
444 139
444 140
444 151
444 214
444 215
444 216
444 218
444 219
444 232
444 234
444 235
444 236
444 237
444 239
444 264
444 268
444 269
444 270
444 271
444 272
444 273
444 274
444 275
444 280
444 281
444 295
444 296
444 308
444 315
444 355
444 371
444 372
444 405
444 406
444 407
444 408
444 436
444 437
444 438
444 453
444 454
444 455
444 461
444 469
444 477
444 479
445 76
445 77
445 78
445 79
445 99
445 320
445 405
445 406
445 407
445 408
447 3
447 18
447 20
447 25
447 31
447 40
447 49
447 50
447 64
447 65
447 66
447 67
447 69
447 70
447 71
447 76
447 77
447 78
447 79
447 81
447 95
447 106
447 107
447 108
447 109
447 118
447 127
447 130
447 142
447 145
447 147
447 151
447 154
447 199
447 214
447 215
447 216
447 219
447 238
447 239
447 256
447 257
447 258
447 264
447 267
447 277
447 280
447 281
447 285
447 294
447 297
447 302
447 315
447 320
447 326
447 368
447 369
447 370
447 371
447 382
447 390
447 391
447 392
447 393
447 394
447 395
447 396
447 397
447 398
447 399
447 400
447 401
447 402
447 403
447 404
447 405
447 406
447 407
447 408
447 413
447 414
447 415
447 430
447 431
447 436
447 437
447 438
447 442
447 443
447 456
447 463
447 465
447 469
447 477
447 478
447 479
447 484
448 76
448 77
448 78
448 79
448 219
448 405
448 406
448 407
448 408
449 461
450 49
450 405
450 407
450 413
452 6
452 76
452 77
452 78
452 79
452 82
452 125
452 157
452 158
452 218
452 219
452 256
452 308
452 346
452 348
452 405
452 406
452 407
452 408
452 410
452 412
452 416
452 417
452 418
452 419
452 420
452 421
452 422
452 424
452 436
452 437
452 438
452 458
452 469
452 471
452 472
452 477
452 479
453 49
453 54
453 64
453 65
453 66
453 67
453 69
453 70
453 71
453 76
453 77
453 78
453 79
453 85
453 87
453 94
453 110
453 120
453 122
453 152
453 158
453 209
453 218
453 219
453 239
453 280
453 281
453 315
453 346
453 354
453 355
453 405
453 406
453 407
453 408
453 436
453 437
453 438
453 439
453 441
453 442
453 443
453 456
453 463
453 469
453 478
455 76
455 78
455 85
455 99
455 105
455 409
455 476
455 481
456 11
456 12
456 13
456 14
456 15
456 16
456 17
456 44
456 45
456 46
456 47
456 76
456 77
456 78
456 79
456 85
456 135
456 151
456 218
456 219
456 286
456 405
456 406
456 407
456 408
456 412
456 413
456 436
456 437
456 438
456 469
456 472
457 2
457 76
457 77
457 78
457 79
457 81
457 82
457 85
457 87
457 91
457 93
457 94
457 99
457 100
457 103
457 105
457 137
457 218
457 219
457 256
457 264
457 319
457 405
457 406
457 407
457 408
457 412
457 413
457 436
457 437
457 438
457 467
457 469
457 472
457 478
458 44
458 125
458 132
458 133
458 199
458 219
458 274
458 367
458 405
458 406
458 407
458 408
458 412
458 436
458 437
458 438
458 456
458 465
459 0
459 6
459 54
459 158
459 308
459 405
459 406
459 407
459 408
459 436
459 438
459 439
459 469
459 472
460 282
460 283
460 284
461 0
461 6
461 7
461 40
461 50
461 106
461 107
461 108
461 109
461 159
461 214
461 215
461 216
461 267
461 277
461 382
461 385
461 439
461 465
461 479
464 13
464 15
464 20
464 36
464 45
464 46
464 82
464 83
464 158
464 159
464 280
464 282
464 283
464 284
464 343
464 355
464 371
465 0
465 76
465 77
465 78
465 79
465 106
465 107
465 108
465 109
465 158
465 159
465 169
465 214
465 216
465 218
465 219
465 256
465 282
465 283
465 284
465 299
465 300
465 320
465 348
465 358
465 359
465 360
465 361
465 362
465 363
465 364
465 405
465 406
465 407
465 408
465 436
465 437
465 438
465 456
465 469
465 472
466 49
466 54
466 202
466 203
466 204
466 205
466 206
466 208
466 209
466 210
466 219
466 405
466 406
466 407
466 408
466 472
466 473
466 474
467 87
467 99
467 125
467 232
467 302
467 409
467 440
467 441
468 5
468 10
468 44
468 49
468 76
468 77
468 78
468 79
468 158
468 218
468 260
468 261
468 262
468 263
468 282
468 283
468 284
468 335
468 405
468 407
468 430
468 431
468 432
468 436
468 437
468 438
468 446
468 456
468 472
468 476
468 478
469 49
469 76
469 77
469 78
469 79
469 151
469 157
469 158
469 168
469 218
469 239
469 280
469 282
469 283
469 284
469 292
469 293
469 294
469 295
469 296
469 299
469 300
469 315
469 321
469 348
469 371
469 405
469 406
469 407
469 408
469 411
469 413
469 436
469 437
469 438
469 463
469 469
469 477
469 478
470 14
470 25
470 63
470 76
470 77
470 78
470 79
470 173
470 186
470 187
470 218
470 239
470 264
470 292
470 293
470 297
470 298
470 307
470 343
470 344
470 345
470 346
470 371
470 404
470 405
470 406
470 407
470 408
470 412
470 438
470 463
470 465
470 469
470 477
470 478
472 0
472 44
472 49
472 158
472 218
472 223
472 238
472 239
472 258
472 268
472 269
472 270
472 271
472 315
472 405
472 406
472 407
472 408
472 436
472 437
472 438
472 461
472 463
472 465
472 469
472 471
472 472
472 477
472 478
476 11
476 12
476 44
476 45
476 46
476 47
476 64
476 73
476 74
476 75
476 76
476 77
476 78
476 83
476 85
476 87
476 99
476 197
476 203
476 218
476 228
476 242
476 247
476 252
476 256
476 326
476 349
476 350
476 351
476 371
476 372
476 373
476 405
476 406
476 407
476 408
476 410
476 436
476 437
476 438
476 449
476 450
476 469
476 472
476 476
477 49
477 264
477 280
477 355
477 405
477 407
477 409
477 424
477 477
477 479
478 0
478 348
478 357
478 405
478 408
478 466
478 476
478 479
479 44
479 54
479 80
479 129
479 157
479 238
479 258
479 299
479 300
479 315
479 320
479 348
479 405
479 406
479 407
479 408
479 424
479 458
479 459
479 472
479 476
480 76
480 77
480 78
480 79
480 219
480 319
480 357
480 405
480 406
480 407
480 408
481 44
481 178
481 245
481 250
481 317
481 465
482 73
482 74
482 75
482 76
482 79
482 91
482 158
482 405
482 407
482 476
483 44
483 64
483 65
483 66
483 67
483 69
483 70
483 71
483 76
483 77
483 78
483 79
483 80
483 81
483 82
483 85
483 87
483 91
483 93
483 94
483 99
483 100
483 103
483 105
483 132
483 133
483 143
483 144
483 145
483 146
483 151
483 176
483 218
483 219
483 239
483 274
483 315
483 322
483 367
483 405
483 406
483 407
483 408
483 409
483 416
483 417
483 418
483 419
483 420
483 421
483 422
483 424
483 436
483 437
483 438
483 442
483 443
483 463
483 469
483 477
483 478
483 479
483 481
484 0
484 6
484 7
484 44
484 45
484 46
484 158
484 159
484 308
484 313
484 418
484 436
484 437
484 438
484 472
484 476
485 3
485 11
485 76
485 77
485 78
485 79
485 80
485 81
485 82
485 85
485 87
485 93
485 94
485 97
485 99
485 100
485 103
485 105
485 159
485 199
485 218
485 219
485 232
485 238
485 258
485 282
485 283
485 284
485 315
485 321
485 385
485 405
485 406
485 407
485 408
485 412
485 434
485 458
485 463
485 469
485 476
485 477
485 478
