8.585355398 8.700321675 8.5666705385 8.614070358500001 8.688572571 8.926811653 8.7648997 8.686554593 8.7059122065 
8.9257208985 9.1164507145 8.982900652 8.907442608 8.9697176325 9.380398473 9.119486044 9.0574010405 9.27837966 
6.634796904 6.675769864 6.761461454 6.800244328 6.698886184 6.765088532 6.714619102 6.792141077 6.735775008 
6.78482592825 6.77577687325 6.7887260085 6.76795106425 6.720681463 6.72203813825 6.7292703815 6.691488355250001 6.7348747829999995 
9.010631806 8.683489048 8.94631727 9.233159883 8.845893523 8.972826584 9.528448983 9.554664583 9.140649941 
9.969188815 10.03125909 10.50956699 9.88160876 10.24679977 10.61536281 9.960691243 9.952543238 10.46402735 
7.008738618 7.010937745 6.929828535 7.231225112 7.146664909 7.088610338 7.017851331 6.994205542 6.869340732 
9.387377146 9.426147181 9.074541273 8.760105039 8.282889565 8.418589395 9.39587545 9.340023187 9.140983806 
7.8803384835 7.805270497 7.712393630999999 7.3357479255 7.586126364 7.5487695725 7.910661701 7.9825925015 7.73807862 
6.727138139 6.686799213 6.787452153 6.802787927 7.004207661 6.722753792 6.752636155 6.796971342 6.734097509 
9.709119367 9.768403766 9.231216135 6.875307122 6.798010788 6.890958 9.946136118 9.848447894 9.014116936 
7.301210442 7.264803413 7.201616522 7.129061895 7.492394321 7.311234261 7.361434268 7.145882491 7.163072848 
7.830532708 8.059177827 7.506328125 7.609871424 8.069542022 7.704864996 7.856045964 7.830732601 7.582120622 
6.897567431 6.846657700666667 6.943004760000001 7.3337895473333345 7.784402467666666 7.565601108333333 6.914304122333333 6.901560108000001 6.904269676666666 
9.373559040666668 9.246718784333334 9.167208778000001 10.001058458333333 10.214665612333334 9.967426135666665 9.382940106 9.328533139666666 9.235326952666666 
9.372152027 9.295981046 9.006989961 9.136613021 9.437356982 9.432074912 8.390715011 8.672785043 8.945034968 
9.161996843 9.028394578 9.247733178 9.573468082 10.60831789 10.0739842 9.594159788 9.576840315 9.440455663 
6.854770956 6.746765549 6.758803621 6.963409695 6.784942577 6.737441105 6.934795809 6.920136579 7.161222322 
6.758258323 6.668516135 6.693275223 6.760544824 6.812100881 6.731163268 6.727339335 6.583366572 6.657761561 
6.877698282 6.703487945 6.70753318 6.727688564 6.703007388 6.698646653 6.688126442 6.723346243 6.675062439 
7.281502535 7.207170147999999 7.193676062000001 7.4344054003333335 7.321602658 7.378722282666666 7.401074853333333 7.290571082666667 7.314458501000001 
6.697844781 6.623088343 6.730538322 6.710483487 6.723573892 6.733153553 6.773445566 6.643240272 6.725490199 
6.7197129 6.701125273 6.785262488 6.779219682 6.676017905 6.767331775 6.840795711 6.606173618 6.729950227 
6.767272834 6.726371637 6.882339621 6.738641817 6.815251937 6.864800274 6.705009464 6.79282833 6.835192872 
7.502933955 7.603010421 8.156845519 8.649432263 9.730129128 9.138567848 7.16587514 7.58582318 7.792916541 
7.120197626 7.010229756 6.869716437 6.849192308 6.987404637 6.975253662 7.072063703 6.965869313 7.06887999 
7.571818588 7.44534483 7.892326396 8.132128843 8.711389844 8.822862769 7.388408656 7.404472801 7.938522711 
6.787567542 6.75664243 6.900129975 6.946993937 6.987522003 7.243685292 6.745319606 6.755394484 6.873100874 
7.164006283 7.341445041 6.928717164000001 6.958593544666667 7.294092147 7.222690240333333 7.352766896666666 7.329377301 7.212344254666667 
8.552703285 8.656098416999999 8.023809307 8.0499861875 7.813521573999999 7.500297028 8.591506119 8.628617549000001 8.406657685 
7.3909310835 7.351672517 7.3428988575 7.453211811 7.2054507745 7.30841522 7.5960523984999995 7.4533516015 7.4020853425 
8.563967631 8.4872200115 8.555898516500001 8.557722796 8.651855312 8.522648459500001 8.5258217455 8.593265101 8.548920573 
9.217058416 8.794910764 8.586532403 8.768014899 8.682254797 8.697230733 9.05317767 8.876200461 8.597759959 
6.806559284 7.001710404 6.68949518 6.769357052 6.776746935 6.801137215 6.996206803 6.838478567 6.921373738 
6.692024535 6.680734987 6.721869043 6.808321409 6.888232472 6.686160798 6.838458864 6.978416733 6.712104838 
6.780600503 6.889737615 6.977444495 7.139726093 7.416893768 7.61243512 6.96883401 6.877541444 6.80750132 
9.592498227 9.729401605 10.04388162 11.37562773 12.56017942 12.52661665 9.34820791 9.425308298 9.932491247 
7.263790293 7.445876422 8.421722604 8.00123754 8.221909866 9.0279664 7.147407586 7.277748779 8.925711895 
6.652665498 6.63786426 6.626875781 6.748282179 6.641545348 6.591092286 6.775349316 6.831555528 6.818657039 
9.768044974 9.988396564 9.452416279 10.27515643 10.53659611 10.5715861 9.688646672 9.651912178 9.306522871 
11.50097418 11.76874546 10.98149225 11.05275142 11.56237087 11.68983085 11.22281914 11.1473629 10.959834 
8.476617923 8.402241998 8.405094374 9.063443208 9.136935446 8.961948245 8.544741006 8.263979166 8.457989062 
7.046633981 7.269570345 7.236390159 7.115199157 7.082539507 7.293491152 7.09895302 7.339446853 7.072548797 
7.8776577155 8.1012806255 7.5856481035 7.8470060885 8.089936996 8.170313185 7.847633175 7.873824709 7.950258552 
8.716994294 8.329271168 8.618425378 8.615887492 8.139617344 8.47539153 9.128332697 9.026390948 8.585970551 
8.761944454166667 8.934864121833334 8.640151892666667 8.725687035166667 8.844022031666666 8.988849889833334 9.119446777 9.052573670166668 9.111161441666667 
6.982018168800001 6.9205298044 7.200202197199999 7.0801821848 6.9725586288 7.2048593016 7.032808082 6.9739885486 7.249164349200001 
6.70170525 6.761610268 6.79606533 6.830990216 6.911367635 6.84224829 6.786366336 6.730868222 6.691043869 
6.7513266765 6.7749071999999995 6.7083655985 6.8351695985 6.74871749 6.8194295235 6.776432463000001 6.8548658775 6.9039720245 
9.053486957 9.453505328 8.739341463 8.69824505 8.592190452 8.493577487 9.394708859 9.361986256 8.841045881 
7.215229809 7.167554885 7.466605734 7.394012983 7.416715987 7.57493703 7.120096168 7.297136195 7.358948113 
7.64809771725 7.7289376047500005 7.694309624749999 7.671177246999999 7.58219719275 7.761462422999999 7.862862764499999 7.80018868175 7.635295231 
7.884819852 7.822642359 8.034077526 7.714431398 7.340983158 7.648216567 7.853266203 7.773326854 7.823336705 
7.923009079 7.884296332 7.971526505 10.21074145 11.49811023 10.7353903 7.614924517 7.800658043 7.99068156 
7.724156455000001 7.82894482875 7.78552934925 7.5243114765 7.232766773 7.4019674005 7.811405062 7.92003670575 7.67587308125 
6.839993525000001 6.912449522999999 6.9510325559999995 6.870347206 6.97241235 6.8305217355 6.9288263075 6.879370387 6.907677416 
6.808054926 6.823476302 6.912801155 6.845309341 6.787372548 6.891592115 6.820048765 6.899591115 6.913165572 
6.82352274 6.864906134 6.744260391 6.82369805 6.81269011 6.90787175 6.91610668 6.874316334 6.825122256 
6.752911866666667 6.787988949333333 6.714102205 6.725481659666667 6.773150441666666 6.727886374000001 6.7301468563333335 6.676137006 6.737661569 
7.73017531 7.759688219 8.377240064 6.988212266 6.917709381 7.099974394 7.483259967 7.738618555 7.880145147 
6.754481905 6.772433638 6.84224829 6.801676869 6.895787348 6.830401681 6.722200819 6.702997806 6.810375101 
6.793836698 6.787771478 6.845081501 6.642361483 6.681288664 6.717420929 6.743784573 6.708157677 6.898213771 
6.693090135 6.732189361 6.6951730125 6.7691026015 6.7280459345 6.7211370205000005 6.7261774735 6.777156210999999 6.7711379525 
6.75206773 6.587883594 6.611604086 6.674914871 6.678926904 6.729038459 6.659567924 6.65896328 6.732438168 
7.653721874 7.056611734 7.306442746 7.368065948 7.200331815 7.414002685 7.427463224 7.400941738 7.346878998 
10.2161853 10.31536714 9.743652353 9.183151537 7.879332853 7.827350867 9.894162583 9.865541952 9.436988569 
10.43313627 10.39040449 10.0083974 9.894128841 10.03077416 9.968583993 10.44692057 10.16836724 10.17847826 
10.09946641 10.2540925 10.16726213 9.90782521 9.948846771 10.12192231 9.828613703 9.895015307 10.05235641 
8.883195156 8.8631487 8.856678805 8.314275542 8.471811367 8.266136416 9.636245711 9.439063977 9.435269798 
8.049680406 8.194978578499999 8.2573325365 8.531845207 8.700502905 8.5371607165 8.157536452 8.118810203999999 8.0414458765 
8.568938318 8.914368336 8.582104752 8.285461454 9.711409313 9.742729485 8.260242446 8.370172137 8.445681339 
6.980107649 7.225297985 6.890323382 6.835467169 6.740782397 6.705242202 6.976739096 7.114480676 6.870032735 
9.531703941 9.418549059 9.170757779 9.190028106 9.391147582 9.509394895 8.712709538 8.952507581 9.000107493 
7.174307135 7.081678935 7.18966227 6.874999223 6.864843145 6.918377053 7.259327493 7.017478902 7.147227044 
6.800395542 6.797532067333333 6.762031580666668 6.77329676 6.794598969333333 6.802982315 6.829297888 6.770445111 6.8006742220000005 
6.762033511 6.710958354 6.714936994 6.653170821 6.773052841 6.700938052 6.774269047 6.919220565 6.691591809 
7.924120102 7.425800702 9.222731019 11.17619607 11.13033136 11.33976175 8.024371306 7.552116766 9.392574444 
6.786355774 6.900360139 6.766483188 6.987495447 7.193506691 7.243575999 6.874324141 6.790860305 6.805838968 
6.820384006499999 6.765449413000001 6.8151293175 6.9111240725 6.785765033500001 6.8221605705 6.7372898955 6.718395808 6.66113971 
6.81131251 6.774750758 6.719835383 6.717440361 6.778731289 6.715425138 6.766328848 6.721999875 6.818228883 
6.798065757 6.729507281 6.730417576 6.810717286 6.867840369 6.75119871 6.834709834 6.786568075 6.762394406 
8.447615634 8.445681339 8.607752395 9.104647056 9.483404329 9.370478454 8.370506149 8.185947775 8.336452458 
7.9714013889999995 7.995911864333333 7.719139116 7.731778430333333 8.021222108333333 7.691929304000001 7.902662085333334 7.794660571666667 7.752658544666666 
7.158171577 7.377231357 7.1418763 7.090189271 6.929000956 6.915302781 7.195832782 7.291453121 6.989766239 
6.7150889275 6.7917490165 6.7545774175 6.7258082009999995 6.7528717635 6.761537773500001 6.723640634000001 6.669316834 6.6303045224999995 
9.910414033 9.562398989 9.867708674 10.02132959 9.595685682 9.679053247 9.725857158 9.417052391 9.403079172 
7.058253431 7.134154698 7.32304629 7.321106814 7.241717656 7.259959815 7.077571803 7.20492747 7.244149888 
6.8809259626 6.833119694999999 6.8378833332 6.9684962864 7.1627688125999995 6.9926531264000005 6.8421064918 6.769527886600001 6.8857094124 
6.7401512015 6.831920274 6.868888049500001 6.7415488375 6.7067147715 6.749978638 6.7733922265 6.854210363 6.7616544765 
6.75143259 6.70839702 6.766850456 6.844261284 6.743447186 6.773020637 6.748566636 6.797115859 6.761469594 
6.848675731 6.84527587 6.807086182 7.144693176 7.012502517 7.037684025 6.832261187 6.92682925 6.902262933 
7.780638201 8.224683726 7.327215618 7.465858021 8.417649221 8.646463149 8.451523403 8.503335858 8.206017055 
11.10931662 11.29346429 10.71840471 10.43950628 10.91028693 10.86888208 11.32301829 11.27356453 10.54639734 
8.907523842 8.768064656 9.197929977 9.6294108 8.648396782 9.182913549 8.752866952 8.625586996 8.680969977 
6.741143349666667 6.764335116000001 6.750744972666666 6.762094422666666 6.778949104666666 6.758660007666667 6.779281139666668 6.701801822666667 6.744165676333334 
6.73152808 6.745417303 6.797901564 6.711231731 6.661802584 6.814381444 6.684967423 6.687361578 6.774952503 
6.7272403535 6.6995921385 6.755638351 6.6846529655 6.771670831 6.749009707 6.737024365 6.7049052765 6.753786506 
8.269877977 8.134691731 8.698954951 8.763445457 8.175784072 8.911289797 8.18830798 8.037805635 8.280365571 
6.667283661 6.734387865 6.719607065 6.652372252 6.749733286 6.874956821 6.820451463 6.686811833 6.755314833 
9.5786380005 9.5729353095 9.578048765 9.3669010325 9.5970753085 9.3774591365 9.423449437999999 9.3144054475 9.301205172 
8.415871931 8.760828796 8.84502306 8.335976541 8.699159106 8.688778575 8.479673052 8.733755645 8.743730769 
8.638475871 8.665331247 8.6230492785 8.9906610155 8.170209566 8.3809742125 8.6542116855 8.667432457 8.394892778500001 
8.152319751 8.713098727 8.030508835 8.504849106 8.466724017 8.548521834 8.296554134 8.165494379 8.288462145 
6.797144821 6.748832923 6.788803761 6.770571353 6.74391126 6.87590677 6.680311363 6.726625693 6.780015293 
6.805124284 6.8098712075000005 6.7207212475 6.7922361845 6.8385240595 6.8036691355 6.81054384 6.7843106155 6.711294613 
7.097523423 6.980073883 6.993770049 7.033317877 7.351416539 7.295791956 6.930555276 7.147124274 7.223275044 
6.992477647 6.900752408 7.411678669 8.39064711 9.305539493 8.613751125 7.04277251 6.877856369 7.641971212 
6.829564335 6.96995338 6.857467189 7.336913262 7.904340721 7.286610285 6.856642832 6.759893617 6.915814984 
8.161852952 8.653756339 8.552429459 9.129939345 9.967816007 9.807423582 8.33412324 9.01611266 8.966743108 
7.171577825 7.029008921 7.402159553 7.610636689 7.598045953 7.677113374 7.253724735 7.43109024 7.216264536 
6.707086789 6.764982067 6.731611532 6.743432719 6.681868253 6.62839073 6.648982028 6.67069275 6.763055567 
6.645509418333333 6.725241307666667 6.682941410333334 6.679050835666668 6.629914999666667 6.598106040333334 6.643713041333332 6.686904116333333 6.667078572333334 
6.970138296 7.089117516 7.239031372 7.154554233 7.260086001 7.225936678 6.930866064 6.772583581 7.053762682 
11.25648343 11.95303732 9.808355279 10.17925366 11.39582544 11.6288926 11.48596233 11.79128226 11.15001821 
11.14419568 11.77898195 11.85721683 11.4681281 12.21323487 12.10952974 10.72285543 11.13779433 11.34940422 
6.589122516 6.731424274 6.715980895 6.645746854 6.674806482 6.743733117 6.701103957 6.729200491 6.691800624 
6.633740599 6.706880702 6.675586352 6.551499545 6.73720486 6.640902229 6.724936061 6.732065001 6.575622378 
6.734371712 6.717720835 6.635942031 6.674132007 6.684600635 6.82220952 6.826181627 6.780899464 6.704559391 
6.767922573 6.854742597 6.860091749 6.865217328 6.640392083 6.963608734 6.771591522 6.826074025 6.887889353 
6.906699091 6.993102399 6.875559672 7.069289507 6.816829363 6.978662672 7.015884073 7.110145638 7.009281157 
6.705607736499999 6.699314096 6.8443430460000005 6.7425834545 6.768212363 6.7627029555 6.744091612 6.8062264164999995 6.7082864255 
6.720498714 6.74202121 6.60153672 6.801369216 6.800883278 6.840875122 6.704367989 6.756465153 6.769073867 
9.186455374 9.195429258 9.461566706 9.630271746 10.01270967 10.0778182 8.804485624 8.930562066 8.918118075 
10.23938182 9.971886959 10.0697439 10.31104066 10.16542045 10.3314631 10.228075 10.03700165 9.928422315 
6.675812569 6.751173365 6.809975839 6.781263553 6.740886731 6.777824838 6.792788031 6.744972416 6.757013343 
9.513700891500001 9.3370846995 9.022023587 8.8075072445 7.992922431 7.453336903 9.352606847499999 9.459160412500001 8.694276440500001 
9.156582701 8.84636726 9.050308929 9.056727588 9.093577982 9.327634257 8.71412855 8.550405298 8.768861135 
7.447470215 7.658644235 8.019784658 7.309976967 7.621220239 7.885997258 7.491855075 7.502395734 7.695610854 
8.7103793965 8.884829951 8.50142802325 8.34115467475 8.56986964275 8.35084344975 9.055370840999998 8.98756783275 8.79553347925 
9.078759388 8.444823482 8.783731172 9.237362468 8.748294627 8.793767318 8.886102102 8.666120444 8.487569318 
7.0626129982000005 7.011560384999998 6.9860423674000005 6.918252408399999 7.017276931800001 6.996070533399999 7.093843112799999 7.101900050600001 7.036863690999999 
6.881803612 6.81637065 6.944433778 6.798658001 6.787987193 6.950597253 6.735309494 7.037135834 6.745672081 
7.330414037 7.425092293 7.3485524015 7.227306777 7.4751693765 7.3716861785 7.1617530039999995 7.175969637 7.1468933365 
7.53565288025 7.58006529725 7.37855877675 7.625425752250001 8.131236564999998 7.699506007 7.517653805 7.51297560475 7.527615635749999 
6.85325782 6.788017105 6.803397564 6.908778679 6.822473264 6.760549081 6.738758398 6.797306261 6.879511079 
11.5529649 11.62803553 10.65644965 10.68724327 9.389737851 9.282964532 11.45774185 11.34661851 10.5618303 
10.1708984 10.18929396 9.235345364 9.691469947 9.449087732 9.220825907 10.04422329 10.259095 9.457831993 
6.940898283 6.850061554 6.789284141 6.740217686 6.68999841 6.783480703 6.881567873 6.7309588 6.895659308 
6.614742954 6.729872861 6.793314348 6.908042404 6.712828234 6.775739245 6.710472548 6.781130039 6.806521693 
6.909128771 6.833762976 6.927366732 6.882362614 6.956814895 6.945917037 6.920515726 7.000589163 6.794438812 
6.770841764 6.801705545 6.731681397 6.932939938 6.658684831 6.861344857 6.703404901 6.666281778 6.694354745 
6.799523566 6.852344514 6.707627584 6.961613829 6.805206738 6.880511814 6.799677968 6.938010495 6.785397566 
6.704186435 6.821481358 6.787639823 6.878968742 6.869816516 6.787193315 6.721540355 6.827092566 6.663891905 
6.721809374 6.743823007 6.747550636 6.75937801 6.774544103 6.716791552 6.80067977 6.76152392 6.794702883 
7.153537523 7.282551179 7.179844061 7.021507432 7.06559895 7.07953837 7.753640613 7.89218452 7.503300862 
6.826628973 6.87057574 6.853872468 6.788056451 6.908155384 6.800473401 6.910800587 6.883605569 6.911297141 
6.706487843 6.664925093 6.739450672 6.621948802 6.749046453 6.68839174 6.668778098 6.719021655 6.738254135 
6.814958684599999 6.8218966106 6.8745728667999995 6.8728427892 7.0346183483999996 7.1332301784 6.8123220372 6.794584019199999 6.9133105912 
6.673087203 6.762959942 6.653650693 6.733663314 6.738568809 6.675289721 6.714782773 6.676453886 6.68209798 
6.798544539333334 6.849144870666667 6.742647948333333 6.858853087 7.128090552666667 6.975978809333334 6.897051426000001 6.823804993666667 6.756151675333332 
12.40052118 12.29888962 12.29998735 12.50951047 12.52159949 12.51560206 12.2913811 12.39121202 12.54220761 
7.5060746646666665 7.361398211 7.341923263000001 7.214648826666667 7.368740737333333 7.088276878666666 7.6958163803333335 7.540204918 7.583758813666666 
7.8947548315 7.814763575500001 7.6997328965000005 7.674312748 7.4307639615 7.5152269185 7.819131241 7.872171215 7.7557221389999995 
6.996506542 7.094212291 6.950194948 7.050767738 7.119975306 7.102106703 6.829162159 6.92678686 6.944585165 
12.84770528 12.74876086 12.18204884 13.46672086 13.02092154 12.27451412 12.83470032 12.89649095 12.25575537 
9.410569433 9.54996625 9.233526564 8.981575909 8.935693794999999 9.3228913205 9.40811551 9.420853978499999 9.244580179 
8.762162235 8.48272892 8.559314243500001 8.7413889925 9.1526889895 8.757711887500001 8.814459570499999 8.516206161 8.4719021325 
7.208402614 7.133920644 7.471505534 7.37743124 7.33378793 7.212443931 7.201811733 7.274966387 7.625286407 
6.671682544 6.800384911 6.78127249 6.838870241 6.917217951 6.914941456 6.711362394 6.704131868 6.814964518 
8.213807036 8.274954681333334 8.009037 7.968065337333333 8.183438799000001 8.263275707666667 8.088663635333333 7.861384281666666 7.933616669 
7.598801292 7.563712587 7.515296082333333 7.812045628333334 7.643568259000001 7.629247068999999 7.655200183000001 7.707049428333332 7.634591207666666 
7.3886542 7.296168103 7.432396002 7.705256455 7.334224256 7.476184775 7.356363915 7.299249412 7.367868956 
9.135751664499999 9.205936341000001 9.176884421499999 8.546531256 8.270059776 8.877156373 9.4611865535 9.223908319 9.1682024045 
8.38672194 8.317046394 8.515620839 8.539229027666666 8.540834786 8.740192721666666 8.555589729666666 8.558499719333334 8.405517521 
6.865389564499999 6.9350932195 6.915467046 6.927240405 7.024141222 6.902538649 6.749783004999999 6.8652343904999995 6.885725744 
7.091321453 6.983374429 6.697331252 6.868084094 6.694490949 6.846772095 6.910292862 7.038766456 6.827648938 
6.776009601 6.820441841 6.673046445 6.738688559 6.689195773 6.711642774 6.792175476 6.769185327 6.735809421 
6.8089532195 6.7411684655 6.7092138575 6.7734038035 6.787646946000001 6.7656491464999995 6.804365905999999 6.7588565845 6.8328063115 
6.753817684999999 6.709249167666667 6.710227370666668 6.743995867333333 6.713093222666667 6.721030671 6.653488256999999 6.774519060666666 6.690293758999999 
6.789196368 6.7072960796666665 6.808593968 6.7518455206666665 6.771244132666666 6.777345255 6.7992380610000005 6.773811657333333 6.725120971666667 
6.825972645 6.73673423 6.854598969 6.805727703 6.916961573 6.958958888 6.774573619 6.848177771 6.851336188 
6.796267347 6.816107494 6.78340148 6.76101137 6.835772701 6.789896571 6.741475109 6.810496561 6.853447027 
6.7455835155 6.7444483425 6.6538599435000005 6.763716598 6.77490692 6.8197069315 6.859649515 6.843989258 6.736182041 
6.7016721 6.646228674 6.666017436 6.671048963 6.618097815 6.616374812 6.602998577 6.622771554 6.588184185 
6.701073711 6.690278592 6.790412064 6.767017379 6.702311308 6.599540934 6.861232219 6.771876977 6.702245305 
6.7242681215 6.754869973 6.68938685 6.794218518 6.7171775405 6.7247532969999995 6.771617846 6.685706716 6.789470398000001 
6.859712392 6.729200491 6.726502307 6.781087826 6.76394539 6.726841176 6.72196726 6.705078519 6.930334256 
6.887342873 6.959685272 7.040970652 7.048870061 6.896542253 7.118737591 6.975608662 7.231956962 7.13122069 
6.752535945 6.6454968225 6.7850605535 6.706237161 6.6978835085 6.7704325375 6.656303006 6.690289024 6.720849536499999 
6.687054319 6.721445233 6.59250208 6.642430173 6.752358212 6.744352907 6.938649188 6.898405094 6.775585956 
6.868949192 6.821404828 6.662622144 6.809180907 6.709285622 6.798861702 6.740677882 6.795677415 6.793501109 
6.929602444 6.982181778 6.8701632 6.862201416 6.834509976 6.937491245 6.925282441 7.130241312 6.859498532 
6.8804486775 6.822509054 6.9158332385 6.911161814 7.033237141 6.9747185865 6.973578237 6.992736905 6.955610398999999 
6.681302557 6.631928262 6.781962727 6.670407903 6.732135585 6.73189434 6.675662727 6.721603773 6.664251374 
6.643042836 6.587996069 6.568970932 6.758981131 6.648502225 6.633417296 6.702094496 6.769674432 6.632464266 
6.639298749 6.687666969 6.745926916 6.76903233 6.616454888 6.729568059 6.655433333 6.591367539 6.65826182 
6.738275274 6.741253507 6.785537328 6.954418488 6.766733214 6.660372073 6.921608191 6.748265015 6.8309238 
6.840154962 6.735466656 6.730503054 6.951090695 6.729521747 6.760408349 6.733511797 6.757231224 6.751259208 
6.708580084 6.682153249 6.724851476 6.728413104 6.707484622 6.524072093 6.712876577 6.673737084 6.61339657 
6.991782004 6.945711874 7.021392789 7.128153791 7.215852018 7.211449391 7.076346195 7.05403764 7.089874921 
8.177535497000001 8.075760191 7.9960729415 8.001052959999999 7.8087723905 7.978895739 8.6375260765 8.424042718 8.319903775499998 
7.023982622 7.025565294 7.168097234 6.984266372 7.026660169 7.104005126 7.009996472 7.11679059 7.11679059 
7.831705662750001 7.68310495325 7.73845484875 7.5531289172500005 7.554822064500001 7.603509923 7.817795053749999 7.767277395999999 7.686651018500001 
7.171089096 7.347187267 7.014572608 7.080831372 7.175179166 7.345291922 7.168556073 7.294715308 7.189184401 
6.873483788 6.654183387 6.666250304 6.742754651 6.737050726 6.674270536 6.817708772 6.724438591 6.830209324 
6.710686418 6.749488977 6.695440549 6.755918529 6.766753767 6.631805479 6.634895555 6.796784089 6.799016748 
7.099093467 7.091230496 7.358449404 7.416264538 7.145472826 7.305787269 7.015217693 7.041996709 7.101798953 
7.424542627 7.317342561 7.343712143 7.409307022 7.709836331 7.211364287 7.158063806 7.437541954 7.1194914 
9.198806386 9.01172471 8.877853026 8.972415934 8.706225774 8.20581146 9.473287038 9.360045956 8.956915142 
6.67207923 6.781311789 6.83294604 6.697084085 6.829303212 6.791746438 6.757786274 6.729649533 6.671028519 
6.8446923260000005 6.77920531875 6.8504999367499995 6.85235913525 6.887511004 6.8675960655 6.904619633499999 6.835004319499999 6.83111095725 
7.781648898 7.724523675 7.58016168 8.090284797 7.937351711 7.716129211 7.642116674 7.70010637 7.686900007 
7.549321216 7.44346473 7.724662245 7.675634441 8.448096612 8.29197712 7.119089272 7.084807388 7.652131296 
6.914286216500001 6.9424957880000004 7.1116378905 6.9701994085 7.0234497085 6.974220997 7.0562488850000005 7.066755495500001 6.9506687965000005 
8.229223257 8.148671307 8.736973481 9.125592809 8.578445046 8.924321211 8.388810038 8.516206157 8.565612841 
6.90584074 6.875416445 6.931005196 6.885721916 6.878139866 6.794479318 6.874757843 6.837221652 6.846078339 
6.8507652055 6.8734446805000005 6.8209452995 6.828710651 6.8129795735 6.7534898395 6.811644942499999 6.8235135335 6.7420213465 
7.0721841014999995 6.9416974175 7.034635094 7.097826434 6.904013269 6.98249906 6.9746074435 6.875299213 7.069960158000001 
7.242344567 7.204615210333333 7.346842410333333 7.513861353333333 7.554256456 7.834512637333333 7.081334287333334 7.125909 7.290914276 
6.752202082 6.873139611 6.792815976 6.807119442 6.849126934 6.793425719 6.818240456 6.906430855 6.642330304 
9.096933478 8.870196947 9.761896936 9.403744201 9.121204173 9.556984944 8.851699055 8.909750881 9.378218171 
8.892276307 9.401099995 8.935263004 8.227765597 8.401091818 9.258611567 9.020534318 9.048735991 9.467570878 
7.622095841 7.649054873 7.5553987185 7.535956207 7.4611998405 7.5514887625 7.5626214255 7.5496399735 7.496334608 
6.777440828 6.750020768 6.886558313 6.783246538 6.788094274 6.835180502 6.938220548 7.09189489 6.95415899 
9.488283086 9.400836629 10.15611619 10.74404965 10.88356261 10.85020195 8.99168182 9.137817414 9.644540726 
7.425211823 7.464840146 7.528957414 7.792404788 7.951150059 7.974722068 7.724150131 7.810021411 7.70411781 
12.85729789 12.74649914 12.9650694 12.99342909 12.52378516 12.57674758 13.13598287 13.10686423 13.03231806 
7.722431995999999 7.800988952000001 7.576169886500001 7.491668407 7.254680578 7.4146967435 7.72553896 7.6120493295 7.5732489265 
7.581671868 7.512325988 7.191516638 7.585615183 7.352181339 7.349904799 7.480050693 7.462563135 7.341533997 
6.8175304255 6.9018146115 6.969663042500001 6.8641471815 7.0480310205 7.0112983364999995 6.8549467835 6.8905902885 6.8287736855 
7.160530136 6.938359102 7.731924332 6.8043624685 6.8057973165 7.281034112 7.109455131500001 6.9829762045 7.6723258735 
6.689463989 6.743888374 6.671970314 6.76073869 6.734763597 6.736085343 6.74790642 6.685211404 6.787512157 
6.7662196658 6.7300007118 6.748107808399999 6.766503676800001 6.750378095 6.7903567096 6.7683942832 6.7743283002 6.7346195932 
6.807316266 6.713014288 6.841407749 6.734727006 6.674742972 6.813349244 6.814519874 6.816424252 6.810172583 
6.723378829 6.775553567 6.666100982 6.785279844 6.756965528 6.67739695 6.830156309 6.803687983 6.737768051 
6.781080170999999 6.7619969875 6.8294851444999995 6.895410627 6.74685811 6.809594208 6.733038912 6.834998388 6.758602506000001 
6.659949871 6.604535229 6.70651913 6.594327213 6.649302838 6.63839868 6.725396823 6.660472852 6.707396058 
6.79051169 6.860312263 6.851246898 6.94626221 6.913018781 6.824463463 6.723709353 6.724519211 6.703390797 
6.596890646 6.7666918775 6.669043631499999 6.654085973 6.613267131500001 6.7706733455000006 6.690186862999999 6.6634262205 6.6306550995 
6.731124735 6.768490507 6.803061109 6.775446541 6.795128371 6.820725358 6.840486885 6.846868288 6.844891722 
6.847220756 6.899480218 6.975588834 6.953709114 6.873786048 6.92757225 6.895539008 6.92079809 6.960314927 
7.5281112189999995 7.5216952665 7.488603625 7.5023572135 7.27151746 7.35073522 7.4585181075 7.3903436875 7.527133646499999 
6.8396829555 6.7884026424999995 6.7659978305 6.865754321000001 6.8177116085 6.744936072 6.888441289499999 6.850451414 6.773006275 
6.819208893 6.717033642 6.664308304 6.726557334 6.714520011 6.739474179 6.75855188 6.829703494 6.594003895 
7.930545827 7.714173255 7.643659353 7.35146204 7.018579363 6.893395463 7.928198632 7.916883895 7.801828262 
7.009805703666667 6.950588741 7.044200463666666 7.254580565333334 7.590844446000001 7.595696348666666 7.0960811696666655 7.031956342666667 7.2710870593333325 
7.783884828999999 7.756316869999999 7.870288460666667 8.477107039 8.630781122 8.805618082333332 7.788407795666667 7.677972926333333 7.633261191666667 
6.752110143 6.772118474 6.880662844 6.782126534 6.712095061 6.74311496 6.819388367 6.814433751 6.799545835 
7.318562514 7.30642820625 7.11167964475 7.0549292115 7.409081709500001 7.162266073 7.309753863249999 7.316265811999999 7.23132479375 
7.602356042333334 7.667925510333333 7.464257111333333 7.296466211333333 7.278915496 7.273630796666667 7.663809275000001 7.7163958983333325 7.289778262333333 
6.886057685333333 6.95539266 6.985217096666666 6.795637447333333 6.8697694789999995 6.938870484333333 6.896337588000001 7.0466538283333335 7.041614679333333 
7.50189048 7.765775573 7.640786137 7.637800266 7.392853481 7.446439746 7.669753187 7.647059125 7.462563135 
6.888133328666666 7.0408893930000005 6.847157429 6.8121759363333325 7.1057569990000005 6.980216791666667 6.8732269163333335 6.777186462666666 6.899326098666666 
6.825637772 7.11091509 6.830775522 6.712189246 6.873769731 7.032682097 6.900835036 6.79789469 7.211216981 
8.74661571 8.663944208 9.3103185 9.478035097 9.836642265 9.906564494 8.212662191 8.332000927 8.800595636 
8.357901829 8.229699729 8.782695347 8.0190906 7.964506581 7.944589433 8.55774566 8.421432402 8.547046555 
8.704121231 8.85535461425 8.3241294005 8.299754791249999 8.347808048500001 8.31360052075 8.85328294575 8.76564355575 8.3943476665 
7.9416721035 8.06076605 8.1571235635 8.17425261 7.6705083925 7.817921385 8.36034243 8.181251896500001 7.843731923 
6.7438919403333335 6.6815073556666675 6.7440882056666664 6.736300320333334 6.782724211000001 6.6937572146666655 6.756430273333334 6.783181678666668 6.714506485 
6.787385929 6.784750742333333 6.866344034000001 6.829398710666666 6.848355953333333 6.865384575 6.805063658666666 6.7711266913333334 6.821145385666667 
9.105767869 9.098772578 10.07351349 9.444156898 10.21548413 10.76306973 9.093538324 9.242566714 10.31163508 
7.894491224 7.459170895 7.514003049 7.652836512 7.2310827 7.28122629 8.065480569 8.04916744 7.857426075 
8.375365087 8.509952406 8.190433579 8.32502455 9.205056807 9.409106618 9.427031426 9.20457593 8.988286388 
8.507081099 8.434257822 8.212003696 7.972655318 7.046802197 7.057401948 8.279363036 8.580744604 7.994720056 
10.86888208 10.70156272 10.78983731 11.25076861 10.59968602 10.82564829 10.6035279 10.20922557 10.41272393 
7.07586903025 7.1151177269999994 6.8728223790000005 6.872435100500001 7.0988092145 7.053902934 6.98419270525 7.054505723 6.949421206249999 
7.974033446 8.003114655 7.574121441 7.353968029 7.01039767 6.896498986 7.772428777 7.614310547 7.539778919 
7.342913476 6.926250022 6.907111488 7.101182788 6.830537938 6.870988775 7.275398461 7.086399799 7.031939101 
9.722226233 9.8066369785 8.953684518 8.6768499135 8.7883314485 8.811154022 9.891316461999999 9.624908276 9.143681344 
7.8434054675 7.848192095 7.2515281865 6.7872131325 6.7839730945 6.7532442085 7.9438910325 7.922510937 7.34300434 
6.7269776495 6.8147037925 6.827290448 6.781520624 6.7753714249999994 6.8265971155 6.8495189955 6.768408450000001 6.7308594635 
6.833405407000001 6.810294539 6.7164913760000005 6.8027048005 6.7043491915 6.765630968 6.746225407000001 6.812939711 6.721269423 
6.668924336 6.86374418 6.689153832 6.859076061 6.721333688 6.67550205 6.744737717 6.804277772 6.759186936 
6.832360916 6.912690384 6.754963089 6.785057117 6.874028491 6.785954479 6.780730611 6.729909087 6.7649659 
8.0236320185 8.0262832025 8.157706255 8.2645693815 8.332408324500001 8.510733197 7.7993856895 7.8020212755 7.8641415495 
6.766405353 6.716415838 6.793843407500001 6.6935445730000005 6.741017386999999 6.748110822999999 6.716712641000001 6.6987956655 6.750609148 
6.958981314 6.828062471 6.717956096 6.834190575 6.682541042 6.72376371 6.889180031 6.889332023 6.813539621 
6.963404409 7.032682097 7.101243311 6.904081082 7.007660554 7.126772262 6.882330379 6.866082743 7.140134214 
6.69475370725 6.692533009 6.7350576385 6.807561693 6.744898575250001 6.749362067 6.726376537 6.7357286015 6.758261206249999 
6.642659451 6.723299103 6.6899685565 6.702654996 6.7036683255 6.6488081265000005 6.721022795 6.7886931585 6.6510501005 
7.37745796775 7.63124338525 7.353057779750001 7.428383353999999 7.32409407175 7.418353323750001 7.3839500527499995 7.3977632255 7.33801028675 
6.828196567 6.856768408 6.896923398 6.849781571 6.784517975 6.780407758 6.7542732 6.751998037 6.871230735 
6.713900797 6.759659243 6.796435926 6.893693912 6.784895749 6.752533958 6.735666925 6.757391217 6.810558177 
10.03125909 10.07539182 10.31305668 10.4848395 10.72103459 10.80602936 10.2055785 10.32885407 10.3494838 
9.475087973 9.401488763 9.496701641 9.929453027 11.05281165 10.71362119 9.408378278 9.387748904 9.642415999 
8.0324699795 7.9759780945 8.163287844500001 7.723323726 7.627980018 7.6333407835000004 8.092350326 8.0118218355 8.123041219 
11.223499024999999 11.2678487 11.583233565 10.51358789 10.3133049175 10.778357725 11.610645054999999 11.437733755 11.6428289 
7.1523980654 7.3241250414 7.022511570800001 6.9439345944 7.224168010199999 7.303874669200001 7.386161861 7.4697538286 7.3711722826 
8.036728243 7.998391606 7.880577577 8.338088957 8.954352343 8.636169281 8.010206537 7.922581265 7.96172627 
10.56499659 10.25287218 10.92269548 10.14899555 9.443538527 10.10762781 11.05356431 11.04294286 10.98589279 
9.851767292 10.0545041 10.01767679 9.595214601 10.1442627 9.938013353 9.868513865 9.88981641 10.14126053 
7.000295078666667 7.008092283666667 7.329376639666666 7.237874442 7.247100366666667 7.289125255666668 7.035072814333333 7.040205203666666 7.184220938666667 
7.235389086 7.491127285499999 7.358010452 7.2728247265 7.195182943000001 7.1891584645 7.330911562500001 7.2440044105 7.1943780135 
7.232952253 7.22100888 7.133920644 6.95643932 6.926576777 6.960790017 7.032162591 7.200926161 7.114683092 
9.15504817 9.330551581 9.3663993 9.15000278 9.253703674 9.099953467 9.458045306 9.558817293 9.347089226 
6.793323133 6.683597453 6.762020161 6.807666213 6.757925105 6.768869145 6.861934718 6.733709617 6.826901058 
6.693981417 6.7437852355 6.661265275 6.7801574475 6.7726509275 6.735859616 6.6337240815000005 6.6221714975 6.6769416795000005 
6.740327591 6.797901564 6.766357894 6.735451681 6.82084211 6.72329454 6.692345798 6.790144575 6.809835977 
6.601042768 6.742383429 6.612689102 6.709718715 6.686339341 6.716237188 6.689440445 6.847220756 6.639506531 
6.86097428 6.82233501 6.978862521 6.784507049 6.74311496 6.935799039 6.69265286 6.878782177 6.752801476 
6.687944438 6.710520835 6.74867682 6.554391586 6.621521478 6.606336942 6.689235857 6.68180957 6.708830042 
6.762054309 6.749742514 6.857409648 6.816519777 6.771671428 6.997753319 6.667238695 6.737694822 6.720100701 
8.602476162 8.65669431 9.003348495 9.115086868 9.23440764 9.356438197 8.656299555 8.721237826 8.836544873 
7.741942126 7.502933955 7.550964296 7.969301358 7.700769955 7.719173224 7.423971678 7.444872156 7.39420058 
6.871365805 6.690992571 6.812002043 6.669475567 6.888553546 6.824552778 6.84795814 6.760976592 6.721694809 
6.821509209999999 6.798140262 6.770066918333334 6.740265162666667 6.808493727000001 6.758383637333334 6.806161153000001 6.809468660666667 6.748410761333333 
6.797077872999999 6.7350124855 6.677773358 6.719058073999999 6.699189638 6.6787400035 6.6928137955 6.642529423 6.659278829 
7.68192025 7.8613232985 7.450556811 7.390228885 7.8941374920000005 7.6160522405 7.5332207595 7.517784766 7.39326907 
6.670111442 6.643535279333334 6.7030434780000006 6.696789329333332 6.677593315666666 6.700798138333333 6.698894174666667 6.680902397333334 6.661239149333333 
8.246086489 8.615180861 7.969398458 8.034980313 9.221800152 9.29128323 8.143107763 8.159968364 8.285375632 
7.4030056635 7.4207755795 7.589877169 7.6182677425000005 7.877024462 7.874226337 7.326777422999999 7.415689649 7.610110891 
10.45887557 10.73304482 10.54576304 10.4925025 10.03550235 10.52766073 10.39186598 10.41172554 10.22652389 
6.818986464999999 6.8725430696666665 6.786380310000001 6.877873341333334 6.875601666333334 6.919372581666667 6.830127332 6.825612547666666 6.872068332333332 
6.800173004 6.802020032 6.814860335500001 6.743763766 6.7987497564999995 6.729751339 6.7934754784999996 6.9010138575 6.770951125 
6.810635331 6.7422105215000006 6.8175903105 6.7807232545 6.8502515635 6.794393491 6.816070316499999 6.780760577500001 6.8240686754999995 
6.678773813 6.675026083 6.724637171 6.621108139 6.77395107 6.774425657 6.729168157 6.722457651 6.667991484 
6.714396205 6.689581944333334 6.734328127333334 6.7150637159999995 6.705209617 6.699585261666667 6.712300597 6.717185114 6.683696046000001 
6.8286783235 6.807259591999999 6.762955830499999 6.752586663 6.8667345085000004 6.722973781 6.796083777 6.782550639 6.8756482084999995 
7.004420077333333 6.9162169559999995 6.866521466666668 6.956020446 6.895154520333333 6.881761150666667 6.825264414333333 6.923213859666667 6.8582581676666665 
14.04190686 14.14436579 14.284824 14.64984897 14.67959532 14.70099003 14.06436191 14.470919 14.23426693 
6.672702313 6.715405829 6.6737726225 6.672300313 6.650301587 6.7071513255 6.6771372535 6.7085938259999995 6.706087885500001 
7.303851794666667 7.317954476 7.155439557 7.1027168215 6.95938596 6.892894138166667 7.370207634166667 7.293859219666667 7.233119047 
6.61788683 6.612285103 6.621061575 6.653548905 6.60909808 6.58299166 6.642214778 6.63842471 6.653496164 
6.652626868666666 6.645067912666666 6.677322773 6.794689501666667 6.707042106 6.702786527000001 6.690983458666667 6.701289965 6.722782581666666 
12.25219466 12.1918758 12.08094779 11.7534119 11.52920664 11.32951361 12.04220579 11.99844878 11.83910486 
7.129425931666667 7.366789444000001 7.1227354106666665 7.091021613333333 7.104421732 7.028364852666666 7.374656466 7.355481615333333 7.03998356 
6.736682939 6.764753836 6.643283395 6.700634718 6.682353172 6.701735392 6.732032606 6.59862737 6.668308054 
6.726091457 6.729684128333333 6.716328971666667 6.748458554999999 6.750938368 6.702535150666666 6.671682578333333 6.768638746666666 6.7721595893333335 
6.69097569 6.7546172385 6.769280352500001 6.68289339975 6.6964371507500005 6.651444715999999 6.69753880075 6.68185723575 6.717918176 
6.728546521 6.765558547 6.709601299 6.672929689 6.740710413 6.859520349 6.691960702 6.714335685 6.814065753 
6.655593447 6.736671207 6.744106956 6.821261038 6.776200315 6.581992867 6.795070143 6.647471985 6.704339995 
6.740406470333333 6.792767327 6.798913811333333 6.709013108666667 6.710649781000001 6.741593269666667 6.845358099666666 6.7299788173333335 6.81503794 
6.725692825666667 6.715902642666667 6.766276721333334 6.772811572999999 6.758029910333334 6.728429759666668 6.744263686666667 6.709930746 6.692906985 
7.009475397 7.169594106 7.16055778 7.462882165 7.566933414 7.593593231 7.072681974 7.075269993 7.223812904 
8.573964283 8.281401941 8.533813555 8.624301564 7.738801567 7.985633121 8.432438502 8.068004581 8.112159138 
10.89411971 10.97844991 11.12652102 10.95083524 11.17194291 11.14043073 10.98945809 11.00431419 11.04181668 
6.7557270245000005 6.75998811 6.739745728 6.754393889999999 6.6649037154999995 6.771158171 6.698334349 6.7588662205 6.702499524 
6.69288564 6.725071751 6.654039138 6.673371293 6.870848808 6.770105383 6.6678553 6.737009392 6.64951627 
6.758483945 6.756110268 6.694312735 6.868887689 6.639997656 6.772156897 6.746750567 6.719852004 6.75734516 
6.779161122 6.73852742925 6.7483295385 6.824834233250001 6.777023489 6.766987321749999 6.7701981815 6.7801672595 6.76368873075 
6.823866475 6.815206136 6.789392854 6.848241531 6.880065802 6.753714078 6.84287858 6.774378059 6.732174012 
8.0721167775 7.991832795500001 7.8529485695000005 8.239478287 8.1489585525 7.9857211055 7.9990441955 8.034158059 7.777550131 
6.780851628 6.795618569 6.847781308 6.754434162 6.872065841 6.788718883 6.779408434 6.77909758 6.758774355 
6.718686229 6.683401664 6.65761633 6.702679043 6.613459498 6.803382326 6.671267667 6.669273341 6.575867394 
6.703157686 6.712607858 6.669565475 6.684342618 6.781266943 6.72444563 6.793513145 6.767306865 6.817627124 
7.4372393379999995 7.7691556025 7.617869829 7.3048003925 7.5554702855 7.4861886344999995 7.8342153435 7.853004267 7.8247395995 
6.75286644 6.798034244 6.704222301 6.731770281 6.629537067 6.653415713 6.728613065 6.816441923 6.642359774 
6.7657168185 6.797399738 6.7929489085 6.7117911800000005 6.804139068 6.815953286499999 6.748586868 6.7734137045 6.850770573 
6.809444040000001 6.8207967745 6.768799888 6.901847365 6.694379999500001 6.778103013 6.7909195515 6.7049318929999995 6.639376481 
7.290907754 7.405152119 7.1285838365 7.0607679735 6.976399564 6.9367684359999995 7.227472538 7.1717732185 7.0813365935 
6.791975642 6.693937436 6.609520974 6.711990367 6.735789272 6.598738596 6.677122908 6.651672961 6.738376188 
6.656921517 6.693676557 6.913696969 6.706688404 6.7044387 6.747285284 6.688625033 6.897962152 6.763980368 
6.761937216 6.8121031035 6.7814798505 6.729372479 6.722682549 6.7870897625 6.672935327 6.800444651499999 6.778989219 
6.889637211333333 6.915993262333334 6.937360782 6.840429648 6.842376612999999 6.913334897333333 6.920925735666667 6.8877067426666665 6.8716706720000005 
7.104016435999999 7.104557928000001 7.285285909 7.309970507 7.234031061666667 7.208021982666668 7.2103512059999995 7.198697080333333 7.151844076666666 
6.8359645024999995 6.82453293675 7.098657606250001 6.89750060475 7.0798031775 7.227955851 6.7387003092499995 6.80921300475 7.098612343500001 
6.83974328575 6.901144985499999 6.97613766725 6.86765457075 6.964111914 6.9586778030000005 6.83304953525 6.858449783 6.909949433 
10.57405343 10.54576304 9.837491481 8.933860003 8.217924795 8.252870388 9.52689752 9.877790477 9.684666116 
7.4492220840000005 7.430228552 7.517987144 7.311647954 7.636025354 7.5383205449999995 7.86515763 7.755368601500001 7.7058137855 
8.047657982666665 7.912009043333334 7.979367819000001 7.988046894 7.864212872333333 7.995538265333334 8.105396121333333 8.045045741000001 7.984548265666667 
7.060780160666667 7.088265240666666 7.297646218666666 7.216007345 7.364831483 7.301359006333333 7.019896014333333 6.975647997333333 7.18243585 
6.73111635 6.902122398 6.962497151 6.794161675 6.667521011 6.785088753 6.783925358 6.775100234 6.707923288 
8.110601957 8.272626881 7.941162872 7.646969444 7.963052268 7.886402434 7.894052919 7.558417762 7.57493703 
7.306393174 7.304234535 7.196874122 7.144684307333333 7.351005836666666 7.066201801999999 7.414197780333333 7.4063373729999995 7.279724389333334 
6.8079723004999995 6.9053990885 6.824748146499999 6.8888617495 6.866366078 6.7821039975 6.914757497 6.860628516 6.9011743365000005 
8.12701506 8.470009833 8.378108024 8.431009932 8.631779248 8.804925852 8.67532445 8.838712516 8.336633924 
7.354601294 7.162358503 7.620152363 7.416962419 7.585097502 7.648770984 7.197877385 7.251106184 7.398257555 
6.942910926 6.988412872 6.997000745 7.007584938 7.109801091 7.136297171 6.844655858 6.854742597 6.84339521 
8.581535009 8.228553541 8.363059885 8.239875743 8.26255407 8.518967297 8.295827898 8.218725312 8.257873364 
7.2209323605 7.396732716 7.4041220955 7.4758321935000005 7.4169603775 7.6062256040000005 7.369501738 7.461551004 7.338760338 
6.954725215666667 6.974328516 6.8868416513333335 7.040501095 6.996921010666667 7.013401488166667 6.946910977500001 6.970953365 6.899647262999999 
6.762741661333333 6.818449253333334 6.806240705333333 6.746192322 6.7691338320000005 6.775500261333334 6.821423661333333 6.846526522666667 6.850148834 
8.796083268 8.8602593785 8.9417477365 8.823837149 8.530002972 8.6839157195 9.0147550345 8.999978778 8.905619739999999 
8.908003195333334 9.033531274333333 8.956051493666667 8.624470449 8.492809994333333 8.534138132333332 8.608012863 8.786122274666667 8.752291293666666 
7.4470313095 7.4598597115 7.2486676765 7.1317097425 7.052878155 7.0545919470000005 7.453747447 7.4084761205000005 7.3641726205 
6.811740929875 6.834396045625001 6.859517562625 6.811524232749999 6.841459341999999 6.827061085125 6.791914116 6.766119934500001 6.799501920999999 
8.870196947 8.758071781 7.839087294 7.559168426 7.558417762 7.862999901 8.58067386 8.337575569 8.173269905 
6.808124897000001 6.904914271499999 6.893272603 6.860368807 7.00206327075 7.0166727702500005 6.7986110779999995 6.824873322249999 6.82698618275 
6.896036812333333 6.931328953 7.171557316333334 7.0031090350000005 7.2583118996666665 7.391825025 6.898244052666667 6.881766848000001 7.011062011666667 
6.8756069024999995 6.8839518485 7.006520116 6.9439065705 6.93943814 7.0861392575 6.9906446419999995 7.022798847500001 6.9877666665 
6.974572389 6.9622725775 6.9414973700000004 6.8755789235 6.910362210000001 6.831396782 6.9834508490000005 6.9366951619999995 6.9056993025 
9.0279664 9.011042258 9.300720974 8.763751185 8.641390722 8.761270485 8.915922624 9.111279879 8.934299053 
8.976548116 8.913693517 8.977934571 9.06788612 9.207699549 9.241143888 8.607374149 8.536227075 8.876442098 
6.730221121333333 6.728032761000001 6.633114999 6.742661851 6.684817834666667 6.712823396666667 6.770145239666667 6.7525487360000005 6.758238483666666 
7.658644235 8.139826781 7.326612958 7.352762752 7.41846535 7.499859496 7.840551086 7.788748542 7.354051439 
7.065335597000001 6.949700606 6.9433433073333335 6.993243562333333 7.026747682333333 6.9751421523333335 7.077047046333334 6.995659964333334 7.016707735333334 
7.119693759 6.991335433 7.309942957 7.515945122 7.193309083 7.139698213 7.19133111 7.465396224 6.85338227 
7.628100065 8.09420606 7.739721482 7.994650646 8.899516806 8.607071171 8.353381502 8.674547068 8.753944909 
6.795109921 6.688884547 6.84527587 6.716348088 6.722801015 6.730503054 6.810111531 6.834715441 6.807855915 
9.53234633 10.14797059 8.151685811 8.330489867 8.350224222 8.379018424 10.58473472 10.44239735 9.209868066 
7.970583816 8.255674651 8.82065867 8.77293631 9.239057412 9.229449675 7.940494144 8.201441783 8.637326919 
7.136089701 7.12338648 6.920709293 6.921910422 6.956372977 6.796971342 7.072810115 6.991922468 6.857784048 
6.8680934305 6.8672259435 6.823769179999999 6.773808520499999 6.986428463 6.9509057185 6.8525281719999995 6.8575635195 6.854696317 
7.0609265133333325 7.084588122 6.934159479000001 7.010878295999999 6.919263697999999 6.917900369333334 7.001670086333333 6.949477719333333 6.976712807333333 
8.28259885 8.327506209 8.900332515 8.331433989 7.985233283 8.900332515 8.501519979 8.281401941 8.526617607 
10.30819669 10.45101331 10.08809933 10.1468633 10.328319 10.33027006 10.075351 10.0778182 9.927558323 
8.034189701666666 8.202859190333333 8.018197650333335 7.940759649666667 8.117350856666667 8.220430649 8.193312902666667 8.149556093 8.249189422999999 
9.280602891 9.335350487 9.446191652 8.95492124 8.62963508 8.698954951 8.54216424 8.719874708 8.687360039 
8.0885164645 8.1211936275 7.940031016000001 8.59655946 8.447873799 8.327162829 8.4258341895 8.409721735 8.2705069025 
8.0196780605 8.084117072 7.7776820285 7.535430433 8.0437107805 7.4808022864999995 8.5041905415 8.4250141465 8.2671536615 
6.741702573 6.679646692 6.772346025 6.74418905 6.715213691 6.67571108 6.809437318 6.707171156 6.729872861 
9.0980567365 9.0728656875 8.790508407999999 8.186631998 7.8757078365 7.879232327 9.260417753 9.1826855065 8.827129267 
7.353684493 7.642555787 7.492191464 7.345365141 7.135724614 7.166017638 7.528143578 7.500780594 7.303130059 
7.722359178 7.943577382 7.827787115 7.840511934 8.421432402 8.370172137 7.415823774 7.644577309 7.311776735 
6.837723875 6.744343146 6.760549081 6.811090419 6.768985894 6.81915729 6.798208902 6.654993945 6.76760709 
7.366191059 7.358576994 7.877857741 7.505583998 7.53153702 7.622540566 6.911553216 7.193309083 7.507884022 
6.857753356 6.84220517 6.79867047 7.04963335 6.753993614 6.878306319 6.771429526 6.753061825 6.780718205 
6.9089034695 6.9688952555 7.1567998235 6.836588257 6.9226761745 6.9412533960000005 6.877199098 6.9259354615 7.08268659 
6.817618929 6.875501464 6.779869745 6.817919743 6.794783448 6.727617325 6.81515032 6.767990053 6.787105039 
6.781860609 6.72468814 6.693438812 6.717218212 6.884037301 6.807777967 6.650034066 6.733668106 6.751250126 
11.49906167 11.36207707 11.22676369 10.65638895 9.753728268 9.64277439 11.78329013 11.57471926 11.03622129 
6.710074278666667 6.698408344 6.706809193666667 6.741404280666667 6.710644472000001 6.729428317333333 6.7305372876666665 6.696071181666667 6.692837529333333 
6.73947612475 6.79662084975 6.762744638499999 6.69697455425 6.8287841165 6.776496949 6.7945468259999995 6.72550237375 6.732686144 
6.826807786 6.775593288 6.796109224 6.849110307 6.803998904 6.706763416 6.911532868 6.919294081 6.829404039 
7.895615964 7.916557901 9.264508715 8.604742274 8.256545789 9.953455696 7.862955734 7.714917111 8.776246867 
8.810860791 9.08056911 8.593179962 8.044400161 8.587460082 8.554842705 8.512937361 8.680713373 8.576158634 
8.587039473 8.488155857 8.438390754 8.404547184 8.181365506 8.292877767 8.912412675 8.890428805 8.602271725 
7.634526287249999 7.643228329249999 7.6124052445 7.51379622025 7.5155691107500004 7.465197742499999 7.55393677075 7.495482264750001 7.433730778999999 
8.38373558 8.442515569000001 7.7886776385 7.6793605925 7.765912772 7.6039067849999995 8.591565597999999 8.380009161 8.052300607 
6.7128889405 6.798445360500001 6.763585243 6.80072969 6.778688296 6.8121977105 6.8156553725 6.7273244405 6.809270579 
6.9640933 6.865573313 6.818388344 6.83367847 6.833522302 6.858297868 6.888922498 6.725235761 6.893545376 
6.680466101 6.642614789 6.622989031 6.683005508 6.86716418 6.632640959 6.961364654 6.797886112 6.682153249 
7.259658827 7.415205057333334 7.400657151666667 7.331343731666666 7.414673762333333 7.558002018 7.349032541 7.535529971 7.333455747666666 
6.940352212 6.974466817 6.896196604 7.022716734 6.973722892 6.913831027 7.137280076 7.098398085 7.007116233 
10.38207251 10.31067438 10.72531364 10.49643466 10.52079951 10.17169557 10.15608644 10.20184255 10.57250677 
6.76462295 6.667475867 6.784394587 6.759615443 6.861975116 6.764653444 6.655268204 6.703603845 6.612882663 
8.939953615333334 8.890624547666667 8.852206895666667 9.209371937999999 9.835768871666666 9.801721093 8.976252458 8.907311067 9.067457326666666 
9.875547949 9.667711898 10.33320786 10.15073832 9.924875904 10.23938182 9.500856273 9.702245451 9.926416061 
8.582545612999999 8.636420045333333 8.824617188 8.289052939666666 8.368051739666667 8.704745767666665 8.591813165333333 8.661550277333333 8.738983036333334 
7.189184401 7.190259553 7.087368474 6.914840783 6.991646755 7.021089394 7.307531533 7.104076826 7.079720817 
7.325989466 7.37240648 7.259130846 7.153669433 7.118953311 6.913896689 7.447587789 7.283966969 7.183566561 
7.377368118 7.533823432 7.470137357 7.303897602 7.151609194 7.331472455 7.76279968 7.493687179 7.498020963 
6.909401694 6.992888652 6.924550445 7.02557368 6.859949148 6.897923049 6.882902552 6.854350382 6.832809964 
6.721346543 6.769699214499999 6.6475773055000005 6.8024539935 6.7182436150000004 6.711796397 6.705376375 6.7552925535 6.726630854 
6.717857945 6.798492053 6.832522757 6.635828913 6.759641688 6.739113186 6.858066589 6.706471431 6.625258566 
6.789946449 6.899099316 6.826853739 6.967470149 6.884358342 6.724174215 6.801612169 6.841290001 6.760172015 
9.518913658 9.516360274 9.362506508 9.512487821 9.803100573 9.670475383 9.496987269 9.459728003 9.485422258 
6.807635898 6.76820814 6.78218424 6.811036942 6.829504527 6.694010734 6.70551485 6.630632994 6.582071217 
7.002551373499999 7.087342850000001 7.419274168499999 7.124700867 7.0913742445 7.1647204035000005 7.1530769785 7.0342138785 7.192574108500001 
6.765224497999999 6.741977196333333 6.705201995333334 6.825921488 6.749374996333334 6.736486937 6.737696339666666 6.690899999666667 6.706261271333333 
8.754348923 8.676951139000002 8.391954194333334 8.301791281333333 8.579239770000001 8.406446535666667 8.879267939666667 8.482341338333333 8.430223786666666 
10.1781795 10.12044817 10.23518073 10.22289479 9.147011918 9.574158886 11.07850174 11.21635525 10.15780364 
10.26183079 10.95088824 9.017287875 9.032990395 9.624404232 9.611090521 11.38405246 11.17625172 10.83195383 
6.914849514833334 6.877089390333334 6.763448238166666 6.867850265666667 6.803110356333335 6.805662589499999 6.962660260333333 6.8961243004999995 6.848698121666668 
7.092761974 7.068626009 7.133788837 7.2361723 6.898510641 7.041790845 7.09732013 7.239084122 7.127490752 
7.431674805333333 7.331786201666667 7.218145681333333 7.347698302666667 7.581726718333333 7.482872398333334 7.558366907 7.478520028333333 7.508322891 
6.7460744146 6.7493380063999995 6.7229889478 6.743638417200001 6.7610342027999994 6.7653406582 6.7145090328 6.7428347008000005 6.7268495062 
9.067947334500001 9.278213899999999 7.961087326 7.998417900000001 7.726596648 7.72338996 9.682333928 9.5926803665 8.5323763215 
6.661062172 6.7014199125000005 6.742506537000001 6.7153379025 6.720689977999999 6.692847505 6.6901483015 6.7338525365 6.8217873225000005 
7.265548186 7.240340598 7.28114222 7.274393785 7.074985919 7.105127668 7.936477099 7.875185864 7.314870361 
9.356438197 9.282964532 9.108215696 9.697367523 9.817090475 9.706670669 9.433190886 9.500889979 9.311787606 
6.789177375 6.726554306 6.683813967 6.733842345 6.779406496 6.783021786 6.728956464 6.741521976 6.684226324 
10.829147809999998 10.911590605 10.677111515 10.0749294 9.6299470585 9.5201247395 10.988879709999999 10.906741905 10.72247547 
7.3866381525 7.3210663355 7.5037865225000004 7.350357822 7.498281523499999 7.4169810085000005 7.4369518955 7.432775398 7.3967324405 
7.326612958 7.535378431 7.664350916 8.115672614 8.109065829 8.241453695 7.159996247 7.107253252 7.566813109 
6.71611018 6.817140326 6.854781925 6.863428037 6.837150146 6.843434701 6.728651512 6.759965102 6.862649467 
6.657345578 6.734823061 6.880623839 6.878019799 6.882044329 6.740509371 6.724766584 6.769863535 6.73695069 
7.400546579285715 7.413871378571429 7.466448669571428 7.454702714000001 7.792030077142856 7.726734583428571 7.351015051285715 7.480171980428572 7.448953284 
8.877550326 9.0900789 8.978240268 7.908099722 7.994560499 8.327048785 8.916128598 8.840678375 8.950238082 
7.311493508333334 7.261452582 7.393071396 7.123102702333334 6.999391825333333 7.03298925 7.240568608333334 7.337434832333334 7.282817389333334 
6.833454407 6.756207967 6.826628973 6.749492466 6.730164863 6.804645733 6.724004756 6.778509286 6.663405191 
9.575643576000001 8.964390061 9.427266680999999 8.427212024500001 7.85956017 8.147765803 9.5109173175 9.160813833999999 9.6019061965 
7.4448197380000005 7.533481095 7.303707504 7.1638667545 7.555220642 7.4259684775 7.436816259 7.3843489895 7.2971348549999995 
8.951951074 8.924562338 8.725324544 8.496854743 8.595910691 8.702815154 9.165366491 9.455145363 8.991719048 
6.739420580000001 6.718842307 6.743151849 6.717077594666667 6.707563472333334 6.710615164666667 6.813620013 6.787896645333333 6.797142729 
6.632036334 6.755142504 6.718138273 6.654672501 6.689463989 6.617625722 6.62847644 6.655512876 6.644334339 
10.60593318 10.93161861 10.67046659 10.72206116 10.25508254 10.57576453 10.8739498 10.81858552 10.4102322 
10.35119072 10.21548413 10.36643307 10.41520375 10.2540925 10.46568731 10.50411271 10.3305283 10.26851551 
8.090064556 8.432951822 7.8118601954999995 7.591665484 7.8471484154999995 8.248283583 8.380821795 8.27293214 8.506722546999999 
8.456916168 8.497792317666667 8.319237049333333 8.365804295333334 8.248893868333333 8.400493727333334 8.436143382 8.367546582333333 8.148987497333332 
7.095715569 7.2310827 7.118953311 7.169633481 7.024029277 7.133988527 7.140547628 7.113668131 7.115172248 
6.704064589 6.7309776505 6.726864368999999 6.847105024999999 6.7326068045 6.7359445954999995 6.686573474499999 6.828102818 6.798816338 
6.674564273 6.711731326 6.7151540105 6.7267708415000005 6.733646496 6.7142651515 6.8641741985 6.7882698205 6.805005036 
6.708601684 6.7138460295 6.794504933500001 6.7507436195 6.75868202 6.768965159 6.782521887 6.825878003 6.7602605575000005 
10.97873217 10.952589029999999 11.00443136 11.66440714 12.732994675 12.17531946 11.114754405 11.2266087 11.0480278 
9.845587656500001 10.065284186500001 9.5355190625 9.6917617625 10.2393272845 10.081677555999999 10.269127195 10.154478454 9.998913271 
9.764582894 9.625340553 9.63516951 9.588689012 9.469672011 9.814801755 9.567269349 9.51965036 9.499873546 
7.242748322 7.168097234 7.347778615 7.230613577 7.309847306 7.162652579 7.181596536 7.171312587 7.145725245 
7.461283311 7.442890506 7.618886498 7.532772028 7.787301651 7.83421193 7.674956647 7.603852651 7.755996503 
6.964684912499999 6.9257323125 7.016930286 6.9017809660000005 6.9148059205 6.988684181 6.966844125 6.893670224 6.9325986705 
7.107253252 7.339986541 6.876408346 7.018588952 7.268424176 7.065019435 7.005919866 6.931969533 6.879309754 
6.677844502 6.614516336 6.736141458 6.732944163 6.826058924 6.820204568 6.745586182 6.722102445 6.729543288 
7.606499639 7.868807491 7.742882814 7.322789592 7.806137054 7.85030356 7.660373072 7.64732308 7.692512938 
6.810581166 6.619327522 6.807105292 6.841801575 6.714443739 6.718027381 6.787013506 6.821850963 6.726470309 
6.714243328 6.835932013 6.81754358 6.808914414 6.775730725 6.681094012 6.779649074 6.767099489 6.72126728 
6.710520835 6.74139556 6.712817789 6.660752914 6.738827876 6.752779881 6.758176828 6.795448454 6.725740458 
8.342258193 8.384533677 8.246319508 8.872763624 9.135792288 8.989501281 8.646710595 8.666458316 8.499714035 
9.384366747 10.12352455 8.612662109 8.839534285 10.3305283 10.50311052 10.08872032 9.995339805 10.00715822 
8.603305258 8.654130758 8.846726359 9.085226207 8.462067804 8.584736689 8.986650452 8.925711895 8.835870212 
9.528163505 9.429435453 9.533091304 10.01704431 10.43600693 10.30497149 9.493907936 9.379603358 9.379603358 
7.436725337 7.334837669000001 7.1900519785 7.4164919045 7.4035854125 7.495886004999999 7.4803008344999995 7.3835058595 7.357791362 
7.123760361 7.184222624 7.221678322 7.135238003 7.500918168 7.444266123 7.1725339 7.106678776 7.050956227 
6.837449763 6.804867715 6.75774324 6.738675661 6.836453754 6.8334676545 6.797497273499999 6.7617299509999995 6.7699627265 
8.313335881 8.377563238 8.144080806 8.73042472 8.775929391 8.747790755 8.624055489 8.58181459 8.396113553 
7.5109240615 7.5519556275 7.4147574375000005 7.604654126 7.7259894415 7.6038164864999995 7.6600951885 7.771240195 7.5889074005 
6.96242808 6.968303458 6.802939169 6.72750957 6.865296241 6.983249469 6.936995036 6.895863986 6.920561622 
