0 44
0 158
0 280
0 281
0 436
0 437
0 438
4 0
4 6
4 7
4 44
4 49
4 64
4 76
4 77
4 78
4 79
4 158
4 159
4 218
4 219
4 227
4 238
4 239
4 258
4 306
4 315
4 319
4 357
4 405
4 406
4 407
4 408
4 418
4 431
4 436
4 437
4 438
4 453
4 456
4 463
4 469
4 470
4 472
4 477
4 478
5 44
5 51
5 76
5 77
5 78
5 79
5 116
5 124
5 239
5 315
5 357
5 405
5 406
5 407
5 408
5 434
5 436
5 437
5 438
5 456
5 469
6 73
6 74
6 75
6 76
6 77
6 78
6 79
6 97
6 151
6 218
6 219
6 239
6 264
6 266
6 285
6 292
6 293
6 294
6 295
6 296
6 306
6 315
6 371
6 405
6 406
6 407
6 408
6 413
6 436
6 463
6 465
6 469
6 471
6 477
6 478
6 479
7 14
7 44
7 54
7 64
7 158
7 199
7 242
7 299
7 300
7 319
7 404
7 405
7 406
7 407
7 408
7 418
7 431
7 436
7 437
7 438
7 441
7 456
7 463
7 468
7 472
7 477
7 478
7 479
8 15
8 44
8 64
8 76
8 77
8 78
8 79
8 147
8 158
8 218
8 219
8 238
8 258
8 282
8 283
8 284
8 299
8 300
8 357
8 365
8 405
8 406
8 407
8 408
8 409
8 411
8 436
8 437
8 438
8 456
8 472
8 478
8 479
9 44
9 158
10 44
10 49
10 92
10 159
10 266
10 285
10 405
10 407
10 456
10 465
10 472
11 5
11 10
11 26
11 27
11 44
11 45
11 46
11 76
11 77
11 78
11 79
11 154
11 155
11 218
11 231
11 238
11 239
11 249
11 253
11 254
11 255
11 258
11 259
11 260
11 261
11 262
11 263
11 264
11 280
11 285
11 315
11 320
11 405
11 406
11 407
11 408
11 411
11 424
11 425
11 430
11 431
11 432
11 436
11 437
11 438
11 444
11 445
11 446
11 458
11 459
11 463
11 465
11 469
11 472
11 477
11 478
12 0
12 64
12 76
12 77
12 78
12 79
12 97
12 141
12 151
12 158
12 239
12 252
12 282
12 283
12 284
12 299
12 300
12 315
12 343
12 371
12 405
12 406
12 407
12 408
12 412
12 418
12 436
12 469
13 35
13 424
13 439
14 5
14 10
14 26
14 27
14 40
14 44
14 49
14 50
14 64
14 65
14 66
14 67
14 69
14 70
14 71
14 73
14 76
14 77
14 78
14 79
14 87
14 99
14 105
14 154
14 155
14 219
14 231
14 238
14 249
14 253
14 254
14 255
14 258
14 259
14 260
14 261
14 262
14 263
14 267
14 277
14 279
14 282
14 283
14 284
14 285
14 294
14 371
14 405
14 406
14 407
14 408
14 414
14 424
14 425
14 430
14 431
14 432
14 436
14 437
14 438
14 442
14 443
14 444
14 445
14 446
14 458
14 459
14 465
14 471
14 477
15 49
15 51
15 73
15 76
15 77
15 78
15 79
15 110
15 111
15 112
15 114
15 115
15 116
15 117
15 119
15 121
15 125
15 145
15 158
15 197
15 218
15 219
15 238
15 239
15 258
15 266
15 299
15 300
15 308
15 315
15 319
15 348
15 405
15 406
15 407
15 408
15 431
15 436
15 437
15 438
15 447
15 463
15 469
15 472
15 477
15 481
16 24
16 238
16 258
16 278
16 416
16 470
17 64
17 76
17 77
17 78
17 79
17 158
17 169
17 170
17 219
17 238
17 239
17 258
17 282
17 283
17 284
17 319
17 358
17 405
17 406
17 407
17 408
17 424
17 436
17 437
17 438
17 461
17 469
17 476
18 44
18 49
18 158
18 282
18 283
18 284
18 319
19 44
19 49
19 54
19 64
19 76
19 77
19 78
19 79
19 85
19 91
19 106
19 107
19 108
19 109
19 158
19 214
19 215
19 216
19 219
19 299
19 300
19 320
19 348
19 357
19 405
19 406
19 407
19 408
19 413
19 436
19 437
19 438
19 456
19 469
19 472
20 11
20 12
20 13
20 14
20 15
20 16
20 17
20 44
20 45
20 46
20 47
20 49
20 54
20 64
20 76
20 77
20 78
20 79
20 89
20 151
20 158
20 163
20 164
20 239
20 250
20 261
20 262
20 263
20 323
20 326
20 332
20 342
20 348
20 357
20 397
20 405
20 406
20 407
20 408
20 416
20 418
20 424
20 431
20 432
20 436
20 437
20 438
20 447
20 448
20 456
20 469
20 472
20 479
22 44
22 64
22 320
24 34
24 49
24 239
24 436
24 437
24 438
24 469
25 11
25 13
25 48
25 152
25 242
25 261
25 262
25 263
25 273
25 330
25 358
25 405
25 407
25 418
25 431
25 465
25 471
25 479
26 3
26 20
26 26
26 27
26 44
26 49
26 73
26 76
26 77
26 78
26 79
26 82
26 99
26 106
26 107
26 108
26 109
26 145
26 147
26 151
26 158
26 176
26 198
26 214
26 215
26 216
26 218
26 219
26 238
26 239
26 252
26 256
26 264
26 295
26 296
26 315
26 318
26 319
26 334
26 335
26 336
26 337
26 338
26 339
26 340
26 341
26 342
26 348
26 357
26 367
26 371
26 372
26 405
26 406
26 407
26 408
26 412
26 416
26 418
26 424
26 436
26 437
26 438
26 456
26 461
26 463
26 469
26 476
26 477
26 478
26 479
27 6
27 19
27 44
27 49
27 76
27 77
27 78
27 79
27 158
27 218
27 238
27 261
27 262
27 263
27 264
27 292
27 293
27 299
27 300
27 321
27 371
27 405
27 406
27 407
27 408
27 409
27 411
27 414
27 431
27 436
27 437
27 438
27 453
27 454
27 455
27 456
27 458
27 459
27 463
27 469
27 472
27 478
28 6
28 44
28 49
28 76
28 77
28 78
28 218
28 239
28 252
28 261
28 262
28 263
28 288
28 315
28 319
28 405
28 406
28 407
28 408
28 409
28 412
28 413
28 431
28 436
28 437
28 438
28 453
28 454
28 455
28 458
28 463
28 465
28 469
28 471
28 472
28 477
28 479
29 23
29 145
29 299
29 300
29 358
29 359
29 360
29 361
29 362
29 363
29 364
30 31
30 44
30 49
30 54
30 64
30 76
30 77
30 78
30 79
30 99
30 106
30 107
30 108
30 109
30 145
30 147
30 214
30 215
30 216
30 218
30 219
30 238
30 256
30 258
30 286
30 319
30 320
30 348
30 357
30 368
30 369
30 370
30 385
30 405
30 406
30 407
30 408
30 412
30 413
30 436
30 437
30 438
30 461
30 469
30 472
30 478
31 44
31 54
31 81
31 82
31 85
31 87
31 93
31 94
31 99
31 100
31 103
31 105
31 199
31 208
31 232
31 308
31 319
31 404
31 405
31 407
31 409
31 412
31 413
31 424
31 436
31 437
31 438
31 456
31 472
32 64
32 76
32 77
32 78
32 79
32 81
32 82
32 85
32 87
32 93
32 94
32 99
32 100
32 103
32 105
32 199
32 218
32 219
32 232
32 252
32 266
32 308
32 315
32 357
32 385
32 405
32 406
32 407
32 408
32 413
32 436
32 437
32 438
32 439
32 461
32 463
32 469
32 472
32 476
32 477
32 478
35 44
35 49
35 54
35 64
35 76
35 77
35 78
35 79
35 158
35 238
35 258
35 405
35 406
35 407
35 408
35 426
35 436
35 437
35 438
35 441
35 456
35 458
35 459
35 472
35 476
35 478
36 35
36 44
36 49
36 73
36 76
36 77
36 78
36 79
36 139
36 140
36 152
36 157
36 158
36 218
36 219
36 227
36 236
36 239
36 242
36 261
36 262
36 263
36 273
36 285
36 292
36 293
36 315
36 316
36 317
36 318
36 319
36 320
36 321
36 322
36 357
36 371
36 405
36 406
36 407
36 408
36 412
36 413
36 416
36 418
36 431
36 436
36 437
36 438
36 439
36 453
36 456
36 463
36 468
36 469
36 472
36 478
36 479
37 49
37 73
37 76
37 77
37 78
37 218
37 316
37 317
37 318
37 319
37 320
37 321
37 322
37 461
37 484
38 18
38 49
38 431
39 0
39 40
39 44
39 49
39 50
39 82
39 158
39 199
39 238
39 258
39 267
39 276
39 277
39 279
39 320
39 385
39 405
39 407
39 416
39 417
39 418
39 419
39 420
39 421
39 422
39 436
39 437
39 438
39 456
39 472
40 64
40 439
40 449
41 197
41 198
41 219
41 308
41 319
41 405
41 406
41 407
41 408
41 416
41 417
41 418
41 419
41 420
41 421
41 422
41 436
41 437
41 438
41 456
41 477
42 44
42 45
42 46
42 49
42 76
42 77
42 78
42 79
42 99
42 139
42 140
42 141
42 142
42 158
42 256
42 280
42 405
42 406
42 407
42 408
42 411
42 412
42 413
42 424
42 431
42 436
42 437
42 438
42 456
42 472
42 478
43 15
43 44
43 49
43 73
43 76
43 77
43 78
43 79
43 145
43 158
43 161
43 197
43 198
43 199
43 218
43 219
43 239
43 252
43 261
43 262
43 263
43 280
43 281
43 295
43 296
43 308
43 315
43 348
43 354
43 355
43 357
43 358
43 365
43 367
43 371
43 372
43 385
43 405
43 406
43 407
43 408
43 409
43 431
43 436
43 437
43 438
43 456
43 461
43 463
43 469
43 472
43 477
43 478
44 21
44 22
44 44
44 76
44 77
44 78
44 79
44 82
44 145
44 166
44 282
44 283
44 284
44 290
44 295
44 296
44 299
44 300
44 348
44 371
44 372
44 384
44 405
44 406
44 407
44 408
44 436
44 456
44 461
44 465
44 471
44 472
44 477
44 478
44 479
45 54
45 76
45 77
45 78
45 79
45 81
45 82
45 85
45 87
45 93
45 94
45 99
45 100
45 103
45 105
45 145
45 199
45 218
45 219
45 232
45 280
45 281
45 354
45 355
45 356
45 367
45 405
45 406
45 407
45 408
45 409
45 411
45 436
45 437
45 438
45 440
45 461
45 466
45 469
45 472
45 479
46 5
46 10
46 11
46 12
46 13
46 14
46 15
46 16
46 17
46 26
46 27
46 35
46 44
46 45
46 46
46 47
46 76
46 77
46 78
46 79
46 106
46 107
46 108
46 109
46 154
46 155
46 158
46 214
46 215
46 216
46 219
46 231
46 238
46 249
46 252
46 253
46 254
46 255
46 258
46 259
46 260
46 261
46 262
46 263
46 272
46 285
46 299
46 300
46 405
46 406
46 407
46 408
46 424
46 425
46 430
46 431
46 432
46 444
46 445
46 446
46 458
46 459
46 469
46 472
47 44
47 49
47 64
47 76
47 77
47 78
47 79
47 85
47 158
47 159
47 218
47 219
47 239
47 261
47 262
47 263
47 291
47 297
47 303
47 405
47 406
47 407
47 408
47 410
47 431
47 436
47 437
47 438
47 451
47 463
47 469
47 472
47 477
47 478
47 479
49 0
49 6
49 7
49 14
49 44
49 45
49 46
49 47
49 49
49 54
49 64
49 65
49 66
49 67
49 69
49 70
49 71
49 76
49 77
49 78
49 79
49 95
49 134
49 157
49 159
49 219
49 239
49 264
49 299
49 300
49 301
49 315
49 343
49 357
49 371
49 405
49 406
49 407
49 408
49 409
49 413
49 436
49 437
49 438
49 440
49 442
49 443
49 456
49 458
49 459
49 465
49 468
49 469
49 471
49 472
49 476
49 477
49 478
50 44
50 49
50 54
50 76
50 77
50 78
50 79
50 81
50 82
50 85
50 87
50 93
50 94
50 99
50 100
50 103
50 105
50 151
50 158
50 218
50 219
50 238
50 241
50 252
50 258
50 282
50 283
50 284
50 299
50 300
50 315
50 320
50 322
50 405
50 406
50 407
50 408
50 416
50 436
50 437
50 438
50 456
50 458
50 459
50 469
50 472
50 478
51 6
51 14
51 44
51 49
51 51
51 64
51 76
51 77
51 78
51 79
51 147
51 159
51 219
51 238
51 239
51 258
51 280
51 292
51 293
51 295
51 296
51 299
51 300
51 308
51 319
51 349
51 350
51 351
51 355
51 371
51 372
51 373
51 405
51 406
51 407
51 408
51 412
51 440
51 456
51 461
51 463
51 465
51 469
51 471
51 472
51 477
51 478
52 0
52 6
52 11
52 12
52 13
52 14
52 15
52 16
52 17
52 40
52 44
52 45
52 46
52 47
52 49
52 50
52 54
52 76
52 77
52 78
52 79
52 85
52 114
52 134
52 151
52 158
52 199
52 218
52 219
52 238
52 252
52 258
52 264
52 267
52 276
52 277
52 279
52 282
52 283
52 284
52 285
52 286
52 308
52 318
52 319
52 365
52 405
52 406
52 407
52 408
52 411
52 412
52 413
52 434
52 436
52 437
52 438
52 440
52 441
52 456
52 458
52 459
52 463
52 469
52 472
52 478
52 479
53 36
53 37
53 48
53 49
53 76
53 77
53 78
53 79
53 80
53 81
53 82
53 85
53 87
53 93
53 94
53 99
53 100
53 103
53 105
53 131
53 132
53 133
53 158
53 218
53 219
53 232
53 239
53 256
53 274
53 280
53 282
53 283
53 284
53 285
53 292
53 293
53 299
53 300
53 302
53 308
53 312
53 313
53 315
53 319
53 348
53 367
53 371
53 385
53 405
53 406
53 407
53 408
53 409
53 411
53 418
53 424
53 431
53 432
53 454
53 463
53 466
53 468
53 469
53 472
53 476
53 477
53 478
54 44
54 54
54 76
54 77
54 78
54 158
54 285
54 319
54 385
54 405
54 406
54 407
54 408
54 431
54 436
54 437
54 438
54 456
54 465
54 471
54 472
55 19
55 20
55 33
55 34
55 110
55 111
55 112
55 115
55 116
55 117
55 119
55 121
55 125
55 157
55 188
55 193
55 232
55 234
55 235
55 236
55 237
55 272
55 273
55 274
55 275
55 282
55 283
55 284
55 436
55 437
55 438
55 456
55 472
56 6
56 12
56 18
56 45
56 46
56 49
56 54
56 64
56 76
56 77
56 78
56 79
56 161
56 219
56 282
56 283
56 284
56 358
56 405
56 406
56 407
56 408
56 412
56 431
56 456
56 469
56 478
57 49
57 159
57 407
58 13
58 54
58 95
58 96
58 219
58 282
58 283
58 284
58 405
58 406
58 407
58 408
58 449
58 468
58 469
58 472
59 81
59 346
59 409
59 418
59 463
64 49
64 64
64 65
64 66
64 67
64 69
64 70
64 71
64 76
64 77
64 78
64 79
64 151
64 157
64 218
64 219
64 297
64 303
64 405
64 406
64 407
64 408
64 436
64 437
64 438
64 442
64 443
64 456
64 469
64 478
65 44
65 49
65 64
65 65
65 66
65 67
65 69
65 70
65 71
65 76
65 77
65 78
65 79
65 218
65 239
65 261
65 262
65 263
65 315
65 405
65 406
65 407
65 408
65 418
65 431
65 436
65 437
65 438
65 442
65 443
65 456
65 463
65 472
65 477
65 478
66 11
66 49
66 54
66 64
66 65
66 66
66 67
66 69
66 70
66 71
66 76
66 77
66 78
66 79
66 81
66 82
66 85
66 87
66 93
66 94
66 99
66 100
66 103
66 105
66 106
66 107
66 108
66 109
66 151
66 157
66 158
66 159
66 167
66 171
66 202
66 203
66 208
66 210
66 214
66 216
66 218
66 219
66 220
66 238
66 239
66 258
66 261
66 262
66 263
66 264
66 282
66 283
66 284
66 285
66 297
66 299
66 300
66 308
66 315
66 319
66 335
66 336
66 358
66 365
66 367
66 405
66 406
66 407
66 408
66 409
66 411
66 412
66 413
66 415
66 431
66 433
66 436
66 437
66 438
66 442
66 443
66 461
66 463
66 469
66 472
66 476
66 477
66 478
66 479
67 85
67 134
67 158
67 357
67 405
67 406
67 407
67 408
67 409
67 436
67 437
67 438
67 440
67 449
67 456
67 472
68 0
68 76
68 77
68 78
68 79
68 81
68 82
68 85
68 87
68 93
68 94
68 99
68 100
68 103
68 105
68 158
68 161
68 238
68 239
68 258
68 282
68 283
68 284
68 315
68 319
68 357
68 358
68 405
68 406
68 407
68 408
68 418
68 431
68 436
68 463
68 465
68 469
68 472
68 477
68 478
69 27
69 54
69 76
69 77
69 78
69 79
69 158
69 199
69 292
69 293
69 308
69 371
69 405
69 406
69 407
69 412
69 439
69 461
69 465
69 476
69 479
70 44
70 49
70 54
70 76
70 77
70 78
70 79
70 132
70 133
70 135
70 158
70 159
70 225
70 226
70 239
70 274
70 282
70 283
70 284
70 315
70 358
70 405
70 406
70 407
70 408
70 412
70 413
70 418
70 423
70 424
70 431
70 432
70 436
70 437
70 438
70 439
70 463
70 468
70 469
70 472
70 477
71 44
71 49
71 64
71 65
71 66
71 67
71 69
71 70
71 71
71 76
71 77
71 78
71 79
71 82
71 99
71 132
71 133
71 218
71 219
71 239
71 274
71 282
71 283
71 284
71 315
71 321
71 357
71 358
71 405
71 406
71 407
71 408
71 414
71 436
71 437
71 438
71 442
71 443
71 463
71 469
71 472
71 477
71 478
72 44
72 45
72 46
72 49
72 82
72 173
72 186
72 187
72 188
72 194
72 218
72 219
72 239
72 405
72 406
72 407
72 408
72 414
72 418
72 436
72 437
72 438
72 456
72 465
72 469
72 471
72 472
73 76
73 77
73 78
73 79
73 142
73 149
73 150
73 210
73 219
73 227
73 239
73 261
73 262
73 263
73 282
73 283
73 284
73 285
73 334
73 335
73 336
73 337
73 338
73 339
73 340
73 341
73 342
73 405
73 406
73 407
73 408
73 411
73 424
73 431
73 436
73 437
73 438
73 456
73 461
73 463
73 469
73 472
73 477
73 478
73 479
74 44
74 158
74 238
74 258
74 285
74 334
74 335
74 336
74 337
74 338
74 339
74 340
74 341
74 342
74 345
74 405
74 439
76 0
76 6
76 40
76 44
76 49
76 50
76 54
76 73
76 74
76 75
76 76
76 77
76 78
76 79
76 80
76 85
76 91
76 99
76 100
76 132
76 133
76 135
76 145
76 151
76 157
76 158
76 208
76 218
76 238
76 239
76 258
76 264
76 267
76 273
76 274
76 276
76 277
76 279
76 280
76 281
76 285
76 309
76 315
76 355
76 367
76 405
76 406
76 407
76 408
76 411
76 412
76 413
76 414
76 416
76 418
76 424
76 434
76 436
76 437
76 438
76 439
76 453
76 456
76 463
76 465
76 468
76 469
76 472
76 478
76 479
77 11
77 12
77 44
77 45
77 46
77 47
77 99
77 218
77 238
77 258
77 261
77 262
77 263
77 266
77 280
77 281
77 292
77 293
77 334
77 335
77 336
77 337
77 338
77 339
77 340
77 341
77 342
77 355
77 371
77 405
77 406
77 407
77 408
77 414
77 431
77 436
77 437
77 438
77 439
77 465
77 469
77 472
78 11
78 12
78 72
78 82
78 159
78 239
78 315
78 405
78 408
78 414
78 436
78 437
78 438
78 456
78 463
78 465
78 472
79 0
79 6
79 7
79 11
79 12
79 13
79 14
79 15
79 16
79 17
79 45
79 46
79 47
79 54
79 159
79 199
79 405
79 407
79 418
79 436
79 437
79 438
79 472
79 481
82 130
82 434
83 49
85 24
85 26
85 27
85 40
85 45
85 46
85 50
85 76
85 77
85 78
85 79
85 91
85 99
85 179
85 183
85 184
85 192
85 267
85 277
85 279
85 282
85 283
85 284
85 323
85 324
85 325
85 326
85 331
85 405
85 406
85 407
85 408
85 413
85 436
85 437
85 438
85 458
85 459
85 469
85 478
85 479
86 44
86 76
86 77
86 78
86 79
86 81
86 82
86 85
86 87
86 93
86 94
86 99
86 100
86 103
86 105
86 132
86 133
86 158
86 218
86 238
86 239
86 258
86 274
86 315
86 319
86 405
86 406
86 407
86 408
86 411
86 413
86 436
86 437
86 438
86 456
86 469
86 472
86 478
87 0
87 6
87 7
87 44
87 76
87 77
87 78
87 79
87 81
87 82
87 85
87 87
87 93
87 94
87 99
87 100
87 103
87 105
87 132
87 133
87 151
87 158
87 159
87 199
87 218
87 219
87 238
87 239
87 258
87 274
87 315
87 405
87 406
87 407
87 408
87 409
87 411
87 436
87 437
87 438
87 456
87 463
87 469
87 472
87 477
87 478
87 479
88 197
88 198
88 299
88 300
88 436
88 437
88 438
90 47
90 238
91 49
91 76
91 77
91 78
91 79
91 91
91 99
91 158
91 197
91 218
91 219
91 239
91 265
91 315
91 318
91 405
91 406
91 407
91 408
91 409
91 411
91 413
91 424
91 436
91 437
91 438
91 463
91 465
91 469
91 471
91 472
91 477
91 478
91 479
92 44
92 49
92 54
92 64
92 73
92 76
92 77
92 78
92 79
92 82
92 129
92 132
92 133
92 152
92 158
92 197
92 219
92 239
92 256
92 257
92 274
92 282
92 283
92 284
92 285
92 299
92 300
92 348
92 349
92 350
92 351
92 371
92 372
92 373
92 405
92 406
92 407
92 408
92 416
92 419
92 424
92 436
92 437
92 438
92 449
92 450
92 453
92 456
92 461
92 469
92 472
92 478
93 11
93 12
93 45
93 46
93 47
93 76
93 77
93 78
93 79
93 218
93 219
93 227
93 239
93 252
93 256
93 264
93 292
93 293
93 294
93 295
93 296
93 299
93 300
93 315
93 319
93 343
93 349
93 350
93 351
93 371
93 372
93 373
93 405
93 406
93 407
93 408
93 411
93 424
93 436
93 437
93 438
93 441
93 456
93 461
93 463
93 469
93 476
93 477
93 478
96 264
96 418
97 6
97 25
97 30
97 44
97 49
97 76
97 77
97 78
97 79
97 81
97 82
97 84
97 85
97 87
97 91
97 93
97 94
97 97
97 98
97 99
97 100
97 103
97 105
97 106
97 107
97 108
97 109
97 158
97 169
97 214
97 215
97 216
97 218
97 219
97 238
97 239
97 258
97 272
97 291
97 292
97 293
97 295
97 296
97 299
97 300
97 305
97 307
97 315
97 335
97 336
97 349
97 350
97 351
97 357
97 365
97 371
97 372
97 373
97 405
97 406
97 407
97 408
97 413
97 429
97 436
97 437
97 438
97 456
97 458
97 461
97 467
97 469
97 472
97 477
97 479
100 26
100 27
100 49
100 54
100 76
100 77
100 78
100 79
100 118
100 127
100 151
100 159
100 218
100 219
100 239
100 259
100 265
100 266
100 268
100 269
100 270
100 271
100 280
100 308
100 321
100 355
100 357
100 382
100 384
100 405
100 406
100 407
100 408
100 411
100 418
100 424
100 458
100 469
100 472
100 478
100 479
101 44
101 49
101 64
101 65
101 66
101 67
101 69
101 70
101 71
101 76
101 77
101 78
101 79
101 106
101 107
101 108
101 109
101 158
101 174
101 204
101 214
101 215
101 216
101 218
101 219
101 230
101 239
101 280
101 282
101 283
101 284
101 285
101 299
101 300
101 315
101 355
101 357
101 405
101 406
101 407
101 408
101 412
101 413
101 431
101 436
101 437
101 438
101 442
101 443
101 463
101 469
101 472
101 477
101 478
101 479
101 481
101 484
102 44
102 54
102 64
102 76
102 77
102 78
102 79
102 202
102 203
102 204
102 205
102 206
102 207
102 208
102 209
102 210
102 218
102 219
102 239
102 280
102 281
102 292
102 293
102 297
102 315
102 355
102 356
102 371
102 405
102 406
102 407
102 408
102 418
102 436
102 437
102 438
102 456
102 463
102 469
102 472
102 477
102 478
104 44
104 456
104 472
106 40
106 44
106 45
106 46
106 50
106 54
106 76
106 77
106 78
106 79
106 145
106 151
106 197
106 199
106 219
106 232
106 239
106 261
106 262
106 263
106 267
106 268
106 269
106 270
106 271
106 277
106 279
106 302
106 320
106 327
106 342
106 405
106 406
106 407
106 408
106 411
106 412
106 413
106 414
106 418
106 420
106 431
106 436
106 437
106 438
106 440
106 452
106 456
106 463
106 465
106 469
106 472
106 477
106 478
107 11
107 13
107 25
107 30
107 37
107 44
107 45
107 46
107 47
107 49
107 54
107 64
107 65
107 66
107 67
107 69
107 70
107 71
107 76
107 77
107 78
107 79
107 122
107 158
107 182
107 219
107 238
107 258
107 280
107 281
107 282
107 283
107 284
107 292
107 293
107 308
107 343
107 355
107 357
107 371
107 385
107 405
107 406
107 407
107 408
107 414
107 436
107 438
107 442
107 443
107 461
107 469
107 481
108 241
108 320
109 2
109 18
109 44
109 45
109 46
109 49
109 54
109 64
109 76
109 77
109 78
109 79
109 135
109 158
109 174
109 199
109 202
109 218
109 219
109 227
109 239
109 241
109 252
109 261
109 262
109 263
109 264
109 308
109 315
109 319
109 320
109 405
109 406
109 407
109 408
109 412
109 413
109 414
109 416
109 417
109 418
109 419
109 420
109 421
109 422
109 431
109 436
109 437
109 438
109 440
109 456
109 461
109 463
109 469
109 472
109 477
109 478
109 479
109 484
112 76
112 77
112 78
112 79
112 219
112 252
112 272
112 292
112 293
112 294
112 295
112 296
112 308
112 371
112 405
112 406
112 407
112 408
112 416
112 418
112 420
112 436
112 437
112 438
112 440
112 452
112 465
112 471
112 476
113 44
113 49
113 54
113 76
113 77
113 78
113 79
113 158
113 199
113 219
113 282
113 283
113 284
113 405
113 406
113 407
113 408
113 413
113 436
113 437
113 438
113 439
113 441
113 453
113 456
113 469
113 472
113 478
114 49
114 405
114 407
115 44
115 167
115 227
115 431
115 439
119 0
119 6
119 7
119 76
119 77
119 78
119 79
119 81
119 145
119 158
119 159
119 218
119 219
119 245
119 405
119 406
119 407
119 408
119 436
119 437
119 438
119 439
119 440
119 469
119 472
119 476
121 44
121 64
121 76
121 77
121 78
121 79
121 158
121 315
121 319
121 405
121 406
121 407
121 408
121 436
121 437
121 438
121 463
121 472
121 478
122 44
122 76
122 77
122 78
122 79
122 91
122 158
122 218
122 239
122 252
122 264
122 315
122 357
122 405
122 406
122 407
122 408
122 436
122 437
122 438
122 456
122 463
122 469
122 472
122 477
122 479
123 14
123 44
123 49
123 76
123 77
123 78
123 79
123 147
123 158
123 169
123 218
123 239
123 301
123 315
123 343
123 348
123 371
123 405
123 406
123 407
123 408
123 436
123 437
123 438
123 456
123 463
123 469
123 472
123 477
125 154
125 282
125 283
125 284
125 291
125 299
125 300
125 406
125 412
125 431
125 436
125 437
125 438
125 441
125 458
125 459
125 472
125 481
126 44
126 49
126 54
126 64
126 76
126 77
126 78
126 79
126 91
126 151
126 218
126 219
126 239
126 241
126 261
126 262
126 263
126 264
126 280
126 285
126 301
126 315
126 319
126 335
126 357
126 358
126 405
126 406
126 407
126 408
126 412
126 413
126 418
126 431
126 436
126 437
126 438
126 441
126 453
126 456
126 458
126 459
126 469
126 472
126 477
126 478
127 44
127 49
127 76
127 77
127 78
127 79
127 147
127 158
127 219
127 232
127 282
127 283
127 284
127 319
127 405
127 406
127 407
127 408
127 411
127 436
127 437
127 438
127 440
127 456
127 461
127 472
127 478
128 5
128 10
128 15
128 25
128 26
128 27
128 30
128 35
128 44
128 49
128 54
128 64
128 65
128 66
128 67
128 69
128 70
128 71
128 76
128 77
128 78
128 79
128 81
128 82
128 85
128 87
128 93
128 94
128 99
128 100
128 103
128 105
128 115
128 116
128 117
128 119
128 121
128 124
128 129
128 135
128 136
128 151
128 154
128 155
128 158
128 159
128 167
128 168
128 169
128 170
128 218
128 219
128 231
128 232
128 238
128 239
128 242
128 243
128 244
128 249
128 253
128 254
128 255
128 258
128 259
128 260
128 261
128 262
128 263
128 280
128 285
128 286
128 295
128 296
128 299
128 300
128 308
128 315
128 320
128 348
128 357
128 367
128 371
128 372
128 405
128 406
128 407
128 408
128 411
128 413
128 424
128 425
128 430
128 431
128 432
128 434
128 436
128 437
128 438
128 442
128 443
128 444
128 445
128 446
128 456
128 458
128 459
128 461
128 463
128 465
128 467
128 469
128 472
128 477
128 478
128 479
129 157
129 252
129 308
129 317
129 385
129 471
129 476
130 0
130 6
130 44
130 54
130 64
130 76
130 77
130 78
130 79
130 91
130 111
130 114
130 129
130 151
130 158
130 239
130 264
130 280
130 281
130 310
130 311
130 334
130 335
130 336
130 337
130 338
130 339
130 340
130 341
130 342
130 355
130 357
130 405
130 406
130 407
130 408
130 409
130 411
130 413
130 415
130 416
130 417
130 418
130 419
130 420
130 421
130 422
130 436
130 437
130 438
130 439
130 453
130 456
130 458
130 461
130 463
130 469
130 472
130 477
130 478
130 479
131 40
131 45
131 46
131 50
131 76
131 77
131 78
131 79
131 135
131 151
131 267
131 277
131 279
131 282
131 283
131 284
131 322
131 405
131 469
131 474
131 481
132 26
132 27
132 28
132 44
132 64
132 76
132 77
132 78
132 79
132 80
132 81
132 82
132 85
132 87
132 93
132 94
132 99
132 100
132 103
132 105
132 143
132 144
132 145
132 158
132 218
132 239
132 259
132 272
132 307
132 308
132 315
132 345
132 367
132 405
132 406
132 407
132 408
132 409
132 411
132 436
132 437
132 438
132 439
132 456
132 458
132 463
132 465
132 468
132 469
132 471
132 472
132 476
132 478
133 44
133 76
133 77
133 78
133 79
133 87
133 99
133 197
133 198
133 238
133 258
133 308
133 321
133 416
133 453
133 456
133 465
133 472
133 476
133 484
135 5
135 10
135 11
135 12
135 13
135 14
135 15
135 16
135 17
135 18
135 44
135 45
135 46
135 47
135 49
135 76
135 77
135 78
135 79
135 106
135 107
135 108
135 109
135 134
135 136
135 143
135 144
135 145
135 146
135 147
135 158
135 214
135 216
135 218
135 219
135 227
135 230
135 239
135 252
135 260
135 261
135 262
135 263
135 264
135 286
135 299
135 300
135 306
135 315
135 319
135 330
135 348
135 357
135 384
135 405
135 406
135 407
135 408
135 412
135 413
135 430
135 431
135 432
135 436
135 437
135 438
135 439
135 440
135 446
135 453
135 456
135 461
135 463
135 464
135 465
135 468
135 469
135 471
135 472
135 473
135 475
135 477
135 479
135 481
136 11
136 12
136 13
136 14
136 15
136 16
136 17
136 44
136 45
136 46
136 47
136 49
136 64
136 65
136 66
136 67
136 69
136 70
136 71
136 76
136 77
136 78
136 79
136 110
136 120
136 157
136 158
136 204
136 218
136 219
136 238
136 258
136 282
136 283
136 284
136 299
136 300
136 320
136 346
136 385
136 405
136 406
136 407
136 408
136 409
136 436
136 437
136 438
136 440
136 442
136 443
136 451
136 456
136 469
136 472
136 477
136 478
136 479
137 130
138 76
138 77
138 78
138 79
138 158
138 218
138 219
138 282
138 283
138 284
138 315
138 405
138 406
138 407
138 408
138 412
138 413
138 436
138 437
138 438
138 456
138 469
138 478
141 239
141 240
141 264
141 266
141 302
141 405
141 406
141 407
141 408
141 411
141 463
141 469
141 477
141 478
141 479
143 49
143 73
143 74
143 75
143 76
143 77
143 78
143 79
143 143
143 144
143 145
143 146
143 158
143 204
143 239
143 261
143 262
143 263
143 264
143 266
143 315
143 357
143 380
143 405
143 406
143 407
143 408
143 431
143 436
143 437
143 438
143 439
143 469
143 472
143 478
146 261
146 262
146 263
146 431
146 456
147 76
147 77
147 78
147 79
147 81
147 82
147 85
147 87
147 93
147 94
147 99
147 100
147 103
147 105
147 218
147 239
147 261
147 262
147 263
147 264
147 405
147 406
147 407
147 408
147 424
147 430
147 431
147 439
147 463
147 469
147 477
147 479
148 44
148 456
148 472
149 0
149 5
149 6
149 10
149 11
149 12
149 19
149 20
149 24
149 26
149 27
149 44
149 45
149 46
149 47
149 64
149 65
149 66
149 67
149 69
149 70
149 71
149 72
149 76
149 77
149 78
149 79
149 105
149 151
149 154
149 155
149 157
149 158
149 219
149 231
149 232
149 234
149 235
149 236
149 237
149 238
149 239
149 249
149 252
149 253
149 254
149 255
149 258
149 259
149 260
149 261
149 262
149 263
149 265
149 272
149 273
149 274
149 275
149 285
149 300
149 308
149 319
149 405
149 406
149 407
149 408
149 411
149 424
149 425
149 426
149 427
149 430
149 431
149 432
149 434
149 436
149 437
149 438
149 442
149 443
149 444
149 445
149 446
149 452
149 456
149 458
149 459
149 461
149 463
149 469
149 471
149 472
149 477
149 478
150 80
150 85
150 105
150 132
150 133
150 219
150 274
150 357
150 405
150 406
150 407
150 408
150 438
150 472
151 0
151 6
151 7
151 40
151 44
151 50
151 54
151 76
151 77
151 78
151 79
151 82
151 134
151 158
151 159
151 161
151 169
151 170
151 218
151 219
151 238
151 239
151 252
151 258
151 267
151 277
151 279
151 280
151 282
151 283
151 284
151 302
151 308
151 315
151 319
151 320
151 332
151 343
151 357
151 358
151 371
151 405
151 406
151 407
151 408
151 418
151 436
151 437
151 438
151 440
151 456
151 461
151 463
151 469
151 471
151 472
151 476
151 477
151 478
151 479
152 44
152 48
152 64
152 76
152 77
152 78
152 79
152 147
152 151
152 152
152 158
152 168
152 218
152 219
152 239
152 292
152 293
152 294
152 295
152 296
152 299
152 300
152 330
152 331
152 332
152 357
152 371
152 405
152 406
152 407
152 408
152 412
152 413
152 436
152 437
152 438
152 449
152 456
152 469
152 472
152 475
152 478
153 6
153 14
153 37
153 44
153 45
153 46
153 49
153 76
153 77
153 78
153 79
153 132
153 133
153 158
153 219
153 239
153 252
153 261
153 262
153 263
153 266
153 274
153 282
153 283
153 284
153 308
153 315
153 348
153 405
153 406
153 407
153 408
153 418
153 430
153 431
153 436
153 437
153 438
153 439
153 456
153 463
153 469
153 472
154 76
154 77
154 78
154 79
154 92
154 158
154 199
154 264
154 405
154 406
154 407
154 408
154 469
154 472
154 478
155 11
155 27
155 33
155 34
155 44
155 76
155 77
155 78
155 79
155 157
155 158
155 159
155 172
155 178
155 280
155 320
155 355
155 405
155 406
155 407
155 408
155 436
155 437
155 438
155 456
155 468
155 472
155 484
156 0
156 6
156 28
156 40
156 49
156 50
156 54
156 76
156 77
156 78
156 79
156 95
156 128
156 129
156 144
156 145
156 152
156 169
156 218
156 219
156 239
156 264
156 267
156 277
156 279
156 308
156 315
156 319
156 321
156 343
156 348
156 367
156 371
156 382
156 383
156 384
156 385
156 386
156 387
156 388
156 389
156 390
156 391
156 392
156 393
156 394
156 395
156 396
156 397
156 398
156 399
156 400
156 401
156 402
156 403
156 404
156 405
156 406
156 407
156 408
156 410
156 412
156 413
156 415
156 436
156 438
156 461
156 463
156 468
156 469
156 471
156 472
156 476
156 477
156 478
157 0
157 6
157 33
157 34
157 44
157 49
157 54
157 56
157 76
157 77
157 78
157 79
157 98
157 99
157 143
157 144
157 145
157 146
157 147
157 157
157 158
157 172
157 219
157 240
157 242
157 258
157 261
157 262
157 263
157 265
157 266
157 280
157 281
157 282
157 283
157 284
157 291
157 292
157 293
157 295
157 296
157 299
157 300
157 303
157 305
157 315
157 319
157 346
157 348
157 349
157 350
157 351
157 353
157 354
157 355
157 371
157 372
157 373
157 390
157 391
157 392
157 393
157 394
157 395
157 396
157 397
157 398
157 399
157 400
157 401
157 402
157 403
157 404
157 405
157 406
157 407
157 408
157 411
157 413
157 415
157 416
157 418
157 424
157 431
157 436
157 437
157 438
157 453
157 454
157 455
157 456
157 463
157 468
157 469
157 472
157 477
157 478
157 479
158 44
158 49
158 76
158 77
158 78
158 79
158 91
158 103
158 134
158 135
158 147
158 151
158 158
158 168
158 169
158 170
158 218
158 282
158 283
158 284
158 291
158 299
158 300
158 315
158 316
158 319
158 343
158 344
158 345
158 358
158 367
158 371
158 405
158 406
158 407
158 408
158 436
158 437
158 438
158 456
158 463
158 466
158 468
158 472
158 477
158 478
158 479
159 6
159 27
159 64
159 76
159 77
159 78
159 79
159 147
159 152
159 158
159 199
159 202
159 203
159 204
159 205
159 206
159 208
159 209
159 210
159 218
159 239
159 266
159 280
159 282
159 283
159 284
159 315
159 319
159 346
159 385
159 405
159 406
159 407
159 408
159 436
159 437
159 438
159 453
159 454
159 455
159 458
159 459
159 469
159 470
159 472
159 481
160 5
160 6
160 10
160 26
160 27
160 28
160 54
160 145
160 154
160 155
160 219
160 231
160 238
160 249
160 253
160 254
160 255
160 256
160 258
160 259
160 260
160 261
160 262
160 263
160 285
160 286
160 405
160 406
160 407
160 408
160 424
160 425
160 430
160 431
160 432
160 444
160 445
160 446
160 458
160 459
160 472
162 2
162 3
162 54
162 76
162 77
162 78
162 79
162 99
162 136
162 151
162 199
162 218
162 219
162 239
162 241
162 261
162 262
162 263
162 264
162 280
162 302
162 327
162 346
162 371
162 382
162 383
162 384
162 385
162 405
162 406
162 407
162 408
162 411
162 412
162 413
162 431
162 436
162 437
162 438
162 461
162 463
162 465
162 469
162 476
162 477
162 479
163 40
163 44
163 50
163 76
163 77
163 78
163 79
163 91
163 122
163 145
163 151
163 158
163 199
163 210
163 219
163 222
163 224
163 229
163 239
163 252
163 256
163 261
163 262
163 263
163 265
163 267
163 276
163 277
163 279
163 285
163 299
163 300
163 315
163 334
163 335
163 336
163 337
163 338
163 339
163 340
163 341
163 342
163 348
163 405
163 406
163 407
163 408
163 411
163 413
163 431
163 436
163 437
163 438
163 451
163 461
163 463
163 469
163 472
163 477
163 478
163 481
165 33
165 34
165 44
165 57
165 59
165 64
165 76
165 77
165 78
165 79
165 99
165 158
165 218
165 219
165 238
165 258
165 282
165 283
165 284
165 320
165 405
165 406
165 407
165 408
165 412
165 413
165 436
165 437
165 438
165 456
165 469
165 472
165 479
171 49
171 54
171 73
171 74
171 75
171 76
171 77
171 78
171 158
171 219
171 280
171 281
171 282
171 283
171 284
171 319
171 355
171 405
171 406
171 407
171 408
171 412
171 413
171 436
171 437
171 438
171 440
171 453
171 465
171 477
171 478
174 76
174 77
174 78
174 282
174 283
174 284
174 315
174 405
174 406
174 407
174 408
174 436
174 437
174 438
174 463
175 54
176 49
176 158
176 256
176 319
176 413
176 436
176 437
176 438
176 456
176 478
177 49
177 158
177 227
177 256
177 261
177 262
177 263
177 285
177 319
177 413
177 431
177 436
177 437
177 438
177 439
177 456
177 478
178 49
178 76
178 77
178 78
178 79
178 157
178 266
178 357
178 424
178 431
178 439
178 465
178 471
181 49
181 264
181 413
181 456
181 461
182 95
182 242
182 294
182 371
182 472
184 49
184 158
184 266
184 456
186 11
186 12
186 13
186 14
186 15
186 16
186 17
186 45
186 46
186 47
186 49
186 261
186 262
186 263
186 264
186 431
186 436
186 437
186 438
189 26
189 27
189 239
189 308
189 315
189 405
189 406
189 407
189 408
189 412
189 468
189 469
190 197
190 198
190 282
190 283
190 284
190 414
190 472
191 44
191 412
191 414
191 436
191 438
191 456
191 458
191 459
191 471
192 44
192 412
192 414
192 436
192 438
192 456
192 458
192 459
192 471
193 26
193 27
193 282
193 283
193 284
194 49
194 51
194 357
195 49
195 51
195 258
195 282
195 283
195 284
195 357
196 26
196 27
196 238
196 436
196 437
196 438
196 456
196 472
197 45
197 46
197 76
197 77
197 78
197 79
197 113
197 127
197 129
197 142
197 219
197 238
197 258
197 282
197 283
197 284
197 308
197 320
197 405
197 406
197 407
197 408
197 411
197 412
197 413
197 436
197 437
197 438
197 461
197 465
197 471
197 472
197 476
198 27
198 44
198 49
198 64
198 76
198 77
198 78
198 79
198 82
198 238
198 239
198 258
198 282
198 283
198 284
198 315
198 405
198 406
198 407
198 408
198 463
198 469
198 472
198 477
198 478
200 0
200 6
200 44
200 54
200 76
200 77
200 78
200 79
200 158
200 159
200 219
200 261
200 262
200 263
200 292
200 293
200 371
200 405
200 406
200 407
200 408
200 409
200 413
200 431
200 436
200 437
200 438
200 456
200 469
200 479
201 11
201 12
201 13
201 14
201 15
201 16
201 17
201 45
201 46
201 47
201 85
201 103
201 105
201 132
201 133
201 149
201 150
201 261
201 262
201 263
201 265
201 274
201 292
201 293
201 295
201 296
201 299
201 300
201 349
201 350
201 351
201 371
201 372
201 373
201 382
201 383
201 384
201 385
201 414
201 431
201 456
201 465
201 471
202 44
202 49
202 76
202 77
202 78
202 79
202 158
202 219
202 280
202 281
202 282
202 283
202 284
202 319
202 348
202 355
202 358
202 405
202 406
202 407
202 408
202 409
202 416
202 418
202 420
202 421
202 436
202 437
202 438
202 441
202 453
202 469
203 0
203 2
203 26
203 27
203 44
203 49
203 76
203 77
203 78
203 79
203 151
203 158
203 159
203 202
203 203
203 204
203 205
203 206
203 207
203 208
203 209
203 218
203 219
203 232
203 239
203 264
203 280
203 281
203 282
203 283
203 284
203 309
203 315
203 319
203 354
203 355
203 356
203 405
203 406
203 407
203 408
203 411
203 412
203 413
203 416
203 418
203 421
203 436
203 437
203 438
203 452
203 456
203 463
203 469
203 472
203 477
203 478
203 479
204 145
204 219
204 405
204 406
204 407
204 408
204 416
204 417
204 418
204 419
204 420
204 421
204 422
204 469
206 44
206 76
206 77
206 78
206 79
206 158
206 218
206 219
206 233
206 261
206 262
206 263
206 266
206 405
206 406
206 407
206 408
206 431
206 469
206 472
206 478
207 40
207 50
207 76
207 134
207 168
207 267
207 277
207 279
207 320
207 382
207 383
207 384
207 385
207 386
207 387
207 388
207 389
207 390
207 391
207 392
207 393
207 394
207 395
207 396
207 397
207 398
207 399
207 400
207 401
207 402
207 403
207 404
207 415
207 461
207 484
208 54
208 76
208 77
208 78
208 79
208 132
208 133
208 151
208 219
208 239
208 274
208 280
208 281
208 320
208 355
208 356
208 357
208 405
208 406
208 407
208 408
208 416
208 417
208 418
208 419
208 420
208 421
208 422
208 426
208 469
208 472
208 476
208 477
210 6
210 49
210 202
210 203
210 204
210 205
210 206
210 207
210 208
210 209
210 210
210 238
210 292
210 293
210 295
210 296
210 299
210 300
210 349
210 350
210 351
210 371
210 372
210 373
210 416
210 418
210 419
210 420
210 421
210 439
210 458
210 459
210 468
210 484
211 44
211 49
211 64
211 76
211 77
211 78
211 79
211 141
211 142
211 158
211 197
211 198
211 218
211 219
211 315
211 319
211 348
211 367
211 382
211 383
211 384
211 385
211 386
211 387
211 388
211 389
211 405
211 406
211 407
211 408
211 412
211 413
211 424
211 436
211 437
211 438
211 463
211 469
211 472
211 478
212 11
212 12
212 13
212 14
212 15
212 16
212 17
212 44
212 45
212 46
212 47
212 49
212 54
212 64
212 72
212 76
212 77
212 78
212 79
212 143
212 157
212 158
212 218
212 219
212 227
212 239
212 264
212 273
212 292
212 293
212 299
212 300
212 315
212 319
212 342
212 357
212 371
212 397
212 405
212 406
212 407
212 408
212 411
212 415
212 429
212 436
212 437
212 438
212 439
212 440
212 456
212 463
212 469
212 472
212 477
212 479
213 97
213 98
213 291
213 303
213 305
213 307
213 436
214 0
214 2
214 5
214 6
214 7
214 10
214 13
214 14
214 26
214 27
214 40
214 44
214 45
214 46
214 49
214 50
214 54
214 64
214 65
214 66
214 67
214 69
214 70
214 71
214 76
214 77
214 78
214 79
214 85
214 105
214 132
214 133
214 134
214 141
214 154
214 155
214 158
214 159
214 199
214 218
214 227
214 231
214 238
214 239
214 242
214 243
214 244
214 249
214 252
214 253
214 254
214 255
214 258
214 259
214 260
214 261
214 262
214 263
214 267
214 274
214 277
214 279
214 285
214 315
214 348
214 382
214 383
214 384
214 385
214 386
214 387
214 388
214 389
214 405
214 406
214 407
214 408
214 413
214 424
214 425
214 430
214 431
214 432
214 436
214 437
214 438
214 442
214 443
214 444
214 445
214 446
214 456
214 458
214 459
214 461
214 463
214 469
214 472
214 476
214 477
214 478
214 484
215 14
215 44
215 45
215 46
215 47
215 49
215 54
215 64
215 76
215 77
215 78
215 79
215 81
215 82
215 85
215 87
215 93
215 94
215 99
215 100
215 103
215 105
215 132
215 133
215 157
215 158
215 169
215 210
215 218
215 219
215 232
215 238
215 239
215 252
215 258
215 259
215 264
215 266
215 274
215 280
215 281
215 282
215 283
215 284
215 285
215 299
215 300
215 301
215 308
215 315
215 319
215 320
215 321
215 343
215 344
215 345
215 354
215 355
215 356
215 357
215 358
215 359
215 360
215 361
215 362
215 363
215 364
215 367
215 371
215 380
215 405
215 406
215 407
215 408
215 411
215 412
215 413
215 414
215 416
215 417
215 418
215 419
215 420
215 421
215 422
215 436
215 437
215 438
215 439
215 441
215 449
215 453
215 456
215 458
215 459
215 461
215 463
215 468
215 469
215 472
215 477
215 478
215 479
216 0
216 11
216 12
216 13
216 18
216 40
216 44
216 45
216 46
216 47
216 49
216 50
216 64
216 76
216 77
216 78
216 79
216 91
216 95
216 149
216 150
216 151
216 157
216 158
216 202
216 203
216 204
216 205
216 206
216 207
216 208
216 209
216 218
216 219
216 238
216 239
216 258
216 261
216 262
216 263
216 267
216 277
216 279
216 280
216 281
216 308
216 309
216 315
216 319
216 320
216 330
216 334
216 335
216 336
216 337
216 338
216 339
216 340
216 341
216 342
216 343
216 355
216 371
216 405
216 406
216 407
216 408
216 412
216 413
216 424
216 431
216 436
216 437
216 438
216 456
216 463
216 468
216 469
216 472
216 477
216 478
216 479
217 0
217 6
217 14
217 15
217 44
217 45
217 46
217 64
217 76
217 77
217 78
217 79
217 81
217 82
217 85
217 87
217 93
217 94
217 99
217 100
217 103
217 105
217 106
217 107
217 108
217 109
217 117
217 122
217 147
217 151
217 158
217 168
217 214
217 216
217 218
217 219
217 238
217 239
217 258
217 280
217 281
217 295
217 296
217 299
217 300
217 315
217 319
217 320
217 348
217 353
217 355
217 356
217 357
217 367
217 371
217 372
217 405
217 406
217 407
217 408
217 410
217 411
217 436
217 437
217 438
217 456
217 461
217 463
217 468
217 469
217 472
217 478
217 479
218 3
218 6
218 14
218 26
218 27
218 40
218 44
218 50
218 76
218 77
218 78
218 79
218 91
218 218
218 219
218 238
218 239
218 256
218 259
218 266
218 267
218 272
218 277
218 280
218 315
218 335
218 348
218 405
218 406
218 407
218 408
218 412
218 413
218 429
218 436
218 437
218 438
218 439
218 456
218 463
218 466
218 467
218 469
218 472
218 477
218 478
220 44
220 167
220 219
220 220
220 252
220 256
220 308
220 382
220 405
220 406
220 407
220 408
220 433
220 436
220 437
220 438
220 469
220 472
221 64
221 151
221 436
221 437
221 438
221 472
223 44
223 158
223 218
223 219
223 357
223 405
223 406
223 407
223 408
223 436
223 437
223 438
223 469
226 472
229 49
229 436
229 437
229 438
231 44
231 73
231 76
231 77
231 78
231 299
231 300
231 309
231 315
231 405
231 406
231 407
231 408
231 436
231 437
231 438
231 456
231 468
231 469
233 13
233 47
233 49
233 54
233 76
233 77
233 78
233 79
233 158
233 238
233 245
233 246
233 258
233 282
233 283
233 284
233 331
233 332
233 408
233 426
233 436
233 437
233 438
233 439
233 447
233 448
233 456
233 477
233 478
233 484
234 0
234 14
234 44
234 45
234 46
234 49
234 54
234 64
234 76
234 77
234 78
234 79
234 91
234 158
234 219
234 239
234 266
234 280
234 281
234 286
234 405
234 406
234 407
234 408
234 436
234 437
234 438
234 456
234 468
234 469
234 472
234 477
234 478
234 479
234 481
235 0
235 6
235 7
235 11
235 12
235 13
235 14
235 15
235 16
235 17
235 44
235 45
235 46
235 47
235 49
235 54
235 76
235 77
235 78
235 79
235 113
235 117
235 127
235 129
235 159
235 219
235 292
235 293
235 299
235 300
235 348
235 367
235 371
235 405
235 406
235 407
235 408
235 416
235 417
235 418
235 419
235 420
235 421
235 422
235 436
235 437
235 438
235 456
235 469
235 472
235 478
236 0
236 5
236 6
236 7
236 10
236 11
236 14
236 26
236 27
236 76
236 77
236 78
236 79
236 82
236 154
236 155
236 158
236 159
236 231
236 238
236 249
236 252
236 253
236 254
236 255
236 258
236 259
236 260
236 261
236 262
236 263
236 285
236 308
236 343
236 371
236 405
236 406
236 407
236 408
236 424
236 425
236 430
236 431
236 432
236 436
236 437
236 438
236 444
236 445
236 446
236 458
236 459
236 463
236 468
236 469
236 472
236 477
236 478
237 3
237 35
237 44
237 49
237 53
237 54
237 76
237 77
237 78
237 79
237 106
237 107
237 108
237 109
237 132
237 133
237 158
237 214
237 216
237 218
237 219
237 239
237 261
237 262
237 263
237 266
237 274
237 320
237 327
237 405
237 406
237 407
237 408
237 411
237 413
237 431
237 436
237 437
237 438
237 456
237 469
237 472
237 478
238 5
238 6
238 10
238 26
238 27
238 28
238 44
238 54
238 73
238 76
238 77
238 78
238 79
238 154
238 155
238 158
238 159
238 218
238 231
238 238
238 239
238 249
238 253
238 254
238 255
238 256
238 258
238 259
238 260
238 261
238 262
238 263
238 264
238 268
238 269
238 270
238 271
238 285
238 308
238 315
238 321
238 367
238 405
238 406
238 407
238 408
238 409
238 416
238 417
238 418
238 419
238 420
238 421
238 422
238 424
238 425
238 430
238 431
238 432
238 444
238 445
238 446
238 456
238 458
238 459
238 461
238 463
238 469
238 476
238 477
238 478
239 40
239 44
239 45
239 46
239 49
239 50
239 64
239 65
239 66
239 67
239 69
239 70
239 71
239 73
239 74
239 75
239 76
239 77
239 78
239 79
239 99
239 100
239 151
239 157
239 158
239 197
239 198
239 218
239 219
239 238
239 239
239 258
239 261
239 262
239 263
239 264
239 267
239 276
239 277
239 279
239 280
239 281
239 282
239 283
239 284
239 299
239 300
239 308
239 315
239 319
239 320
239 321
239 354
239 355
239 356
239 405
239 406
239 407
239 408
239 409
239 411
239 412
239 413
239 431
239 436
239 437
239 438
239 440
239 442
239 443
239 456
239 458
239 461
239 463
239 469
239 471
239 472
239 473
239 474
239 477
239 478
239 479
240 5
240 10
240 26
240 27
240 44
240 64
240 65
240 66
240 67
240 69
240 70
240 71
240 76
240 143
240 144
240 145
240 146
240 154
240 155
240 158
240 218
240 231
240 238
240 249
240 252
240 253
240 254
240 255
240 258
240 259
240 260
240 261
240 262
240 263
240 285
240 286
240 287
240 327
240 424
240 425
240 430
240 431
240 432
240 436
240 437
240 438
240 442
240 443
240 444
240 445
240 446
240 458
240 459
241 44
241 64
241 76
241 77
241 78
241 79
241 147
241 151
241 157
241 158
241 219
241 239
241 264
241 282
241 283
241 284
241 295
241 296
241 308
241 315
241 319
241 371
241 372
241 405
241 406
241 407
241 408
241 436
241 437
241 438
241 456
241 461
241 463
241 465
241 469
241 471
241 472
241 477
241 478
241 479
241 484
242 18
242 44
242 64
242 73
242 76
242 77
242 78
242 79
242 139
242 140
242 151
242 158
242 159
242 209
242 218
242 219
242 227
242 238
242 242
242 243
242 244
242 258
242 261
242 262
242 263
242 285
242 308
242 405
242 406
242 407
242 408
242 424
242 431
242 436
242 437
242 438
242 439
242 453
242 461
242 469
242 470
242 472
242 478
243 0
243 6
243 210
244 5
244 6
244 10
244 11
244 12
244 13
244 14
244 15
244 16
244 17
244 20
244 26
244 27
244 36
244 45
244 46
244 47
244 49
244 76
244 77
244 78
244 79
244 81
244 82
244 85
244 87
244 93
244 94
244 99
244 100
244 103
244 105
244 151
244 154
244 155
244 199
244 218
244 219
244 231
244 232
244 238
244 245
244 249
244 253
244 254
244 255
244 258
244 259
244 260
244 261
244 262
244 263
244 264
244 282
244 283
244 284
244 285
244 319
244 334
244 335
244 336
244 337
244 338
244 339
244 340
244 341
244 342
244 343
244 348
244 367
244 405
244 406
244 407
244 408
244 411
244 412
244 413
244 424
244 425
244 430
244 431
244 432
244 436
244 437
244 438
244 444
244 445
244 446
244 456
244 458
244 459
244 461
244 469
244 472
244 477
244 478
244 479
245 22
245 44
245 51
245 76
245 77
245 78
245 79
245 80
245 85
245 103
245 282
245 283
245 284
245 405
245 406
245 407
245 408
245 436
245 437
245 438
245 456
245 471
245 472
245 477
246 44
246 64
246 65
246 66
246 67
246 69
246 70
246 71
246 76
246 77
246 78
246 79
246 80
246 157
246 158
246 168
246 218
246 239
246 264
246 315
246 319
246 348
246 349
246 350
246 351
246 367
246 371
246 372
246 373
246 405
246 406
246 407
246 408
246 436
246 437
246 438
246 439
246 441
246 442
246 443
246 449
246 450
246 456
246 463
246 469
246 472
246 477
246 478
246 479
247 25
247 30
247 34
247 49
247 64
247 73
247 76
247 77
247 78
247 79
247 218
247 219
247 239
247 252
247 261
247 262
247 263
247 319
247 405
247 406
247 407
247 408
247 418
247 424
247 431
247 436
247 437
247 438
247 463
247 467
247 469
247 472
247 477
247 478
247 479
247 481
249 76
249 77
249 78
249 158
249 199
249 280
249 281
249 315
249 354
249 355
249 356
249 405
249 406
249 407
249 408
249 436
249 437
249 438
249 440
249 463
249 469
249 476
250 76
250 77
250 78
250 79
250 81
250 82
250 85
250 87
250 93
250 94
250 99
250 100
250 103
250 105
250 282
250 283
250 284
250 405
250 406
250 407
250 408
250 436
250 437
250 438
250 469
251 45
251 46
251 47
251 76
251 77
251 78
251 79
251 130
251 158
251 291
251 315
251 405
251 407
251 436
251 438
251 472
251 481
252 49
252 81
252 82
252 85
252 91
252 158
252 218
252 232
252 239
252 266
252 315
252 405
252 406
252 407
252 408
252 409
252 418
252 453
252 461
252 469
253 49
253 63
253 64
253 76
253 77
253 78
253 79
253 158
253 199
253 219
253 238
253 258
253 261
253 262
253 263
253 292
253 293
253 308
253 319
253 346
253 357
253 371
253 405
253 406
253 407
253 408
253 431
253 436
253 437
253 438
253 465
253 469
253 472
254 44
254 76
254 77
254 78
254 79
254 158
254 238
254 258
254 282
254 283
254 284
254 319
254 405
254 406
254 407
254 408
254 412
254 413
254 436
254 437
254 438
254 456
254 458
254 468
254 469
254 472
255 0
255 6
255 7
255 11
255 12
255 13
255 14
255 15
255 16
255 17
255 35
255 40
255 44
255 45
255 46
255 47
255 50
255 73
255 76
255 77
255 78
255 79
255 85
255 99
255 100
255 147
255 158
255 159
255 199
255 218
255 219
255 241
255 242
255 252
255 264
255 267
255 277
255 279
255 282
255 283
255 284
255 307
255 315
255 319
255 348
255 367
255 385
255 405
255 406
255 407
255 408
255 411
255 418
255 430
255 436
255 437
255 438
255 456
255 461
255 464
255 468
255 469
255 472
255 477
255 478
255 479
256 64
256 65
256 66
256 67
256 69
256 70
256 71
256 77
256 78
256 79
256 120
256 157
256 158
256 264
256 308
256 320
256 405
256 407
256 408
256 436
256 437
256 438
256 442
256 443
256 456
256 463
256 472
257 44
257 76
257 77
257 78
257 79
257 99
257 100
257 218
257 219
257 261
257 262
257 263
257 405
257 406
257 407
257 408
257 430
257 431
257 436
257 437
257 438
257 466
257 469
257 472
257 478
258 0
258 6
258 11
258 12
258 13
258 14
258 15
258 16
258 17
258 44
258 45
258 46
258 47
258 158
258 238
258 239
258 258
258 264
258 319
258 405
258 406
258 407
258 408
258 418
258 436
258 437
258 438
258 456
258 461
258 463
258 469
258 472
258 477
258 478
258 479
259 28
259 49
259 64
259 65
259 66
259 67
259 69
259 70
259 71
259 76
259 77
259 78
259 79
259 122
259 151
259 158
259 218
259 219
259 239
259 264
259 266
259 280
259 285
259 315
259 320
259 355
259 357
259 367
259 405
259 406
259 407
259 408
259 416
259 417
259 418
259 419
259 420
259 421
259 422
259 424
259 430
259 436
259 437
259 438
259 439
259 442
259 443
259 463
259 469
259 472
259 477
259 478
259 479
262 135
264 40
264 44
264 50
264 54
264 76
264 77
264 78
264 79
264 85
264 87
264 99
264 132
264 133
264 134
264 159
264 218
264 219
264 227
264 252
264 264
264 267
264 274
264 277
264 279
264 280
264 282
264 283
264 284
264 319
264 346
264 358
264 362
264 363
264 364
264 405
264 406
264 407
264 408
264 409
264 416
264 418
264 419
264 430
264 439
264 461
264 463
264 465
264 469
264 472
264 476
264 477
264 479
264 484
266 5
266 6
266 10
266 19
266 26
266 27
266 44
266 64
266 76
266 77
266 78
266 79
266 91
266 154
266 155
266 218
266 231
266 232
266 238
266 241
266 249
266 253
266 254
266 255
266 258
266 259
266 260
266 261
266 262
266 263
266 285
266 308
266 405
266 406
266 407
266 408
266 411
266 424
266 425
266 430
266 431
266 432
266 444
266 445
266 446
266 458
266 459
266 461
266 469
266 472
266 479
267 11
267 12
267 13
267 14
267 15
267 16
267 17
267 40
267 44
267 45
267 46
267 47
267 49
267 50
267 54
267 76
267 77
267 78
267 79
267 85
267 87
267 94
267 99
267 103
267 132
267 133
267 135
267 218
267 219
267 239
267 261
267 262
267 263
267 264
267 267
267 274
267 277
267 279
267 288
267 292
267 293
267 295
267 296
267 299
267 300
267 308
267 315
267 328
267 346
267 349
267 350
267 351
267 371
267 372
267 373
267 405
267 406
267 407
267 408
267 409
267 411
267 412
267 413
267 431
267 436
267 437
267 438
267 456
267 461
267 463
267 469
267 472
267 477
267 478
267 479
269 76
269 77
269 78
269 79
269 218
269 315
269 405
269 406
269 407
269 408
269 436
269 437
269 438
269 463
269 477
269 478
270 6
270 44
270 49
270 64
270 76
270 77
270 78
270 79
270 82
270 218
270 219
270 238
270 258
270 282
270 283
270 284
270 285
270 300
270 315
270 354
270 357
270 405
270 406
270 407
270 408
270 413
270 436
270 437
270 438
270 456
270 463
270 468
270 469
270 472
270 477
270 478
271 31
271 49
271 73
271 76
271 77
271 78
271 79
271 151
271 158
271 218
271 219
271 226
271 239
271 261
271 262
271 263
271 264
271 295
271 296
271 300
271 302
271 315
271 319
271 327
271 358
271 368
271 369
271 370
271 371
271 372
271 405
271 406
271 407
271 408
271 412
271 416
271 418
271 421
271 424
271 431
271 436
271 437
271 438
271 440
271 456
271 458
271 459
271 461
271 463
271 465
271 468
271 469
271 472
271 473
271 474
271 477
271 478
271 479
271 481
273 35
273 49
273 76
273 77
273 78
273 79
273 154
273 158
273 219
273 232
273 282
273 283
273 284
273 299
273 300
273 315
273 319
273 357
273 385
273 405
273 406
273 407
273 408
273 412
273 413
273 416
273 417
273 418
273 419
273 420
273 421
273 422
273 431
273 436
273 437
273 438
273 439
273 453
273 465
273 469
273 471
273 472
273 476
274 36
274 44
274 45
274 46
274 49
274 73
274 76
274 77
274 78
274 79
274 158
274 159
274 219
274 238
274 239
274 245
274 258
274 280
274 281
274 315
274 319
274 348
274 355
274 356
274 357
274 405
274 406
274 407
274 408
274 413
274 418
274 436
274 437
274 438
274 440
274 456
274 461
274 463
274 469
274 472
274 477
274 479
275 44
275 49
275 76
275 77
275 78
275 79
275 161
275 219
275 280
275 327
275 358
275 405
275 406
275 407
275 408
275 436
275 437
275 438
275 456
275 469
275 472
275 476
276 6
276 15
276 44
276 49
276 76
276 77
276 78
276 79
276 135
276 141
276 142
276 152
276 158
276 197
276 198
276 218
276 219
276 238
276 239
276 252
276 258
276 268
276 269
276 270
276 271
276 299
276 300
276 319
276 348
276 367
276 405
276 406
276 407
276 408
276 411
276 412
276 413
276 424
276 436
276 437
276 438
276 453
276 456
276 461
276 469
276 470
276 472
276 478
276 479
277 28
277 44
277 158
277 219
277 285
277 316
277 317
277 318
277 319
277 320
277 321
277 322
277 405
277 406
277 407
277 408
277 412
277 436
277 437
277 438
277 456
277 458
277 465
277 469
277 472
278 36
278 40
278 44
278 49
278 50
278 64
278 76
278 77
278 78
278 79
278 141
278 142
278 157
278 158
278 218
278 219
278 238
278 258
278 267
278 277
278 279
278 299
278 300
278 319
278 357
278 405
278 406
278 407
278 408
278 411
278 412
278 413
278 436
278 437
278 438
278 440
278 456
278 468
278 469
278 472
278 478
280 40
280 44
280 48
280 50
280 76
280 77
280 78
280 79
280 81
280 82
280 85
280 87
280 93
280 94
280 99
280 100
280 103
280 105
280 218
280 239
280 264
280 267
280 276
280 277
280 279
280 385
280 405
280 406
280 407
280 408
280 413
280 418
280 436
280 437
280 438
280 456
280 461
280 463
280 469
280 472
280 477
280 478
280 479
280 481
281 20
281 44
281 49
281 76
281 77
281 78
281 79
281 143
281 144
281 145
281 146
281 147
281 151
281 219
281 252
281 280
281 281
281 285
281 292
281 293
281 295
281 296
281 299
281 300
281 343
281 348
281 349
281 350
281 351
281 354
281 355
281 371
281 372
281 373
281 405
281 406
281 407
281 408
281 431
281 436
281 437
281 438
281 461
281 465
281 468
281 469
281 472
281 475
281 479
282 44
282 49
282 54
282 64
282 65
282 66
282 67
282 69
282 70
282 71
282 73
282 76
282 77
282 78
282 79
282 91
282 99
282 132
282 133
282 135
282 151
282 158
282 165
282 199
282 219
282 239
282 256
282 274
282 282
282 283
282 284
282 299
282 300
282 308
282 315
282 320
282 357
282 385
282 405
282 406
282 407
282 408
282 410
282 412
282 424
282 430
282 436
282 437
282 438
282 439
282 440
282 442
282 443
282 453
282 456
282 465
282 467
282 469
282 471
282 472
282 474
282 478
282 479
282 484
283 44
283 76
283 77
283 78
283 79
283 151
283 218
283 219
283 282
283 283
283 284
283 405
283 406
283 407
283 408
283 436
283 437
283 438
283 456
283 463
283 465
283 469
283 471
283 472
283 478
284 54
284 64
284 65
284 66
284 67
284 69
284 70
284 71
284 76
284 77
284 78
284 79
284 99
284 132
284 133
284 151
284 176
284 204
284 218
284 219
284 239
284 248
284 252
284 264
284 265
284 274
284 282
284 283
284 284
284 294
284 315
284 320
284 343
284 346
284 371
284 405
284 406
284 407
284 408
284 411
284 416
284 417
284 418
284 419
284 420
284 421
284 422
284 436
284 437
284 438
284 442
284 443
284 456
284 463
284 465
284 469
284 471
284 472
284 477
284 478
289 436
290 44
290 49
290 76
290 77
290 78
290 219
290 252
290 282
290 283
290 284
290 315
290 405
290 406
290 407
290 408
290 436
290 437
290 438
290 463
290 472
292 76
292 77
292 78
292 79
292 85
292 94
292 99
292 132
292 133
292 134
292 218
292 219
292 265
292 274
292 358
292 405
292 406
292 407
292 408
292 436
292 437
292 438
292 439
292 469
292 472
292 476
292 478
292 479
293 64
293 76
293 77
293 78
293 79
293 143
293 144
293 145
293 405
293 406
293 407
293 408
293 413
296 130
296 219
296 282
296 283
296 284
296 405
296 406
296 407
296 408
296 409
296 465
296 471
297 15
297 40
297 44
297 49
297 50
297 59
297 64
297 65
297 66
297 67
297 69
297 70
297 71
297 73
297 76
297 77
297 78
297 79
297 138
297 145
297 158
297 197
297 218
297 219
297 239
297 264
297 267
297 277
297 282
297 283
297 284
297 291
297 297
297 299
297 300
297 301
297 303
297 315
297 319
297 405
297 406
297 407
297 408
297 409
297 424
297 436
297 437
297 438
297 442
297 443
297 456
297 461
297 465
297 469
297 471
297 472
297 474
297 477
297 478
297 479
298 56
298 73
298 74
298 75
299 15
299 44
299 49
299 64
299 76
299 77
299 78
299 79
299 158
299 163
299 164
299 169
299 170
299 200
299 218
299 219
299 239
299 252
299 264
299 282
299 283
299 284
299 295
299 296
299 298
299 299
299 300
299 315
299 319
299 328
299 343
299 344
299 345
299 357
299 367
299 371
299 372
299 405
299 406
299 407
299 408
299 411
299 412
299 413
299 414
299 416
299 436
299 437
299 438
299 440
299 456
299 461
299 463
299 469
299 477
299 478
299 479
300 44
300 49
300 158
300 282
300 283
300 284
300 358
300 405
300 406
300 407
300 408
300 414
300 436
300 437
300 438
300 456
300 471
301 0
301 44
301 76
301 77
301 78
301 79
301 143
301 144
301 145
301 151
301 158
301 168
301 169
301 170
301 204
301 218
301 219
301 238
301 239
301 258
301 264
301 291
301 297
301 298
301 299
301 300
301 301
301 306
301 315
301 319
301 320
301 343
301 344
301 345
301 367
301 371
301 405
301 406
301 407
301 408
301 411
301 412
301 413
301 414
301 431
301 436
301 437
301 438
301 439
301 453
301 454
301 455
301 456
301 461
301 463
301 468
301 469
301 472
301 477
301 478
302 0
302 1
302 6
302 39
302 44
302 49
302 73
302 76
302 77
302 78
302 79
302 134
302 135
302 136
302 157
302 158
302 161
302 169
302 218
302 219
302 239
302 261
302 262
302 263
302 299
302 300
302 319
302 322
302 348
302 358
302 405
302 406
302 407
302 408
302 416
302 431
302 436
302 437
302 438
302 439
302 456
302 463
302 465
302 471
302 472
302 476
302 477
302 478
303 20
303 44
303 49
303 76
303 77
303 78
303 79
303 82
303 85
303 99
303 157
303 218
303 219
303 239
303 242
303 280
303 281
303 315
303 405
303 406
303 407
303 408
303 411
303 414
303 436
303 437
303 438
303 469
303 472
303 478
304 11
304 12
304 13
304 14
304 15
304 16
304 17
304 45
304 46
304 47
304 264
305 49
305 76
305 77
305 78
305 79
305 134
305 151
305 239
305 315
305 405
305 406
305 407
305 408
305 411
305 424
305 431
305 432
305 439
305 469
305 472
305 478
305 479
306 44
306 76
306 77
306 78
307 3
307 11
307 12
307 13
307 14
307 15
307 16
307 17
307 18
307 44
307 45
307 46
307 47
307 49
307 64
307 76
307 77
307 78
307 79
307 81
307 82
307 85
307 87
307 93
307 94
307 99
307 100
307 103
307 105
307 134
307 147
307 158
307 164
307 197
307 198
307 199
307 219
307 236
307 238
307 239
307 241
307 258
307 261
307 262
307 263
307 264
307 273
307 302
307 319
307 348
307 349
307 350
307 351
307 367
307 371
307 372
307 373
307 405
307 406
307 407
307 408
307 431
307 436
307 437
307 438
307 441
307 449
307 450
307 461
307 469
307 472
307 476
307 477
307 478
307 479
308 0
308 6
308 21
308 22
308 44
308 76
308 77
308 78
308 79
308 166
308 218
308 239
308 357
308 405
308 406
308 407
308 408
308 436
308 437
308 438
308 451
308 456
308 463
308 469
308 471
308 472
308 477
309 5
309 10
309 15
309 44
309 49
309 64
309 73
309 74
309 75
309 76
309 77
309 78
309 79
309 80
309 117
309 132
309 133
309 141
309 147
309 158
309 197
309 198
309 199
309 202
309 203
309 204
309 205
309 206
309 207
309 208
309 209
309 210
309 218
309 219
309 227
309 252
309 260
309 261
309 262
309 263
309 273
309 274
309 315
309 319
309 343
309 346
309 357
309 371
309 405
309 406
309 407
309 408
309 409
309 413
309 426
309 430
309 431
309 432
309 436
309 437
309 438
309 446
309 463
309 465
309 469
309 472
309 478
310 13
310 76
310 77
310 78
310 79
310 158
310 238
310 258
310 259
310 308
310 405
310 406
310 407
310 408
310 414
310 472
311 76
311 77
311 78
311 79
311 151
311 158
311 159
311 219
311 239
311 261
311 262
311 263
311 264
311 280
311 281
311 285
311 315
311 319
311 334
311 335
311 336
311 337
311 338
311 339
311 340
311 341
311 342
311 355
311 356
311 385
311 404
311 405
311 406
311 407
311 408
311 431
311 436
311 437
311 438
311 461
311 463
311 469
311 472
311 479
312 18
312 261
312 262
312 263
312 319
312 357
312 431
312 439
312 456
312 472
314 0
314 44
314 49
314 64
314 76
314 77
314 78
314 79
314 158
314 197
314 199
314 204
314 218
314 219
314 232
314 239
314 319
314 357
314 367
314 405
314 406
314 407
314 408
314 413
314 436
314 437
314 438
314 439
314 456
314 463
314 469
314 472
314 477
314 478
315 5
315 10
315 18
315 24
315 40
315 49
315 50
315 64
315 76
315 77
315 78
315 79
315 81
315 82
315 85
315 87
315 93
315 94
315 97
315 99
315 100
315 103
315 105
315 132
315 133
315 157
315 158
315 197
315 199
315 218
315 227
315 238
315 258
315 260
315 261
315 262
315 263
315 266
315 267
315 274
315 276
315 277
315 279
315 306
315 308
315 315
315 321
315 322
315 334
315 335
315 336
315 337
315 338
315 339
315 340
315 341
315 342
315 345
315 358
315 359
315 360
315 361
315 362
315 363
315 364
315 405
315 406
315 407
315 408
315 409
315 420
315 424
315 430
315 431
315 432
315 436
315 437
315 438
315 446
315 447
315 463
315 465
315 469
315 471
315 472
315 476
315 477
315 478
315 479
320 87
320 94
320 265
320 292
320 293
320 295
320 296
320 299
320 300
320 302
320 349
320 350
320 351
320 371
320 372
320 373
323 31
323 76
323 77
323 78
323 79
323 151
323 218
323 239
323 265
323 299
323 300
323 315
323 331
323 368
323 369
323 370
323 405
323 406
323 407
323 408
323 424
323 436
323 437
323 438
323 469
323 479
324 76
324 77
324 78
324 79
324 151
324 218
324 219
324 239
324 315
324 319
324 405
324 406
324 407
324 408
324 461
324 463
324 469
324 472
324 477
324 478
324 479
325 40
325 44
325 49
325 50
325 76
325 77
325 78
325 79
325 82
325 132
325 133
325 158
325 218
325 219
325 238
325 239
325 258
325 264
325 267
325 274
325 277
325 357
325 358
325 385
325 405
325 406
325 407
325 408
325 411
325 431
325 436
325 437
325 438
325 456
325 461
325 463
325 469
325 472
325 476
325 477
325 478
325 479
328 158
328 407
328 456
329 158
329 407
329 456
330 44
330 49
330 76
330 77
330 78
330 79
330 82
330 178
330 180
330 195
330 219
330 238
330 239
330 245
330 258
330 259
330 266
330 282
330 283
330 284
330 315
330 321
330 405
330 406
330 407
330 408
330 409
330 410
330 436
330 437
330 438
330 439
330 456
330 458
330 459
330 469
330 476
330 477
330 478
331 6
331 27
331 44
331 45
331 46
331 49
331 54
331 64
331 76
331 77
331 78
331 79
331 139
331 140
331 151
331 158
331 197
331 198
331 218
331 219
331 236
331 239
331 256
331 273
331 292
331 293
331 299
331 300
331 315
331 320
331 371
331 385
331 405
331 406
331 407
331 408
331 413
331 436
331 437
331 438
331 456
331 469
331 472
331 478
331 479
332 44
332 54
332 76
332 77
332 78
332 79
332 91
332 436
332 437
332 438
332 456
332 472
335 44
335 49
335 76
335 77
335 78
335 79
335 151
335 157
335 158
335 197
335 218
335 239
335 252
335 264
335 280
335 295
335 296
335 301
335 308
335 315
335 319
335 328
335 330
335 333
335 335
335 336
335 357
335 371
335 372
335 382
335 405
335 406
335 407
335 408
335 409
335 412
335 413
335 416
335 417
335 418
335 419
335 420
335 421
335 422
335 424
335 436
335 437
335 438
335 456
335 461
335 463
335 465
335 469
335 471
335 472
335 477
335 478
335 479
335 481
336 40
336 49
336 50
336 151
336 158
336 218
336 219
336 239
336 267
336 276
336 277
336 279
336 282
336 283
336 284
336 405
336 406
336 407
336 408
336 411
336 434
336 436
336 437
336 438
336 469
338 76
338 77
338 78
338 79
338 219
338 282
338 283
338 284
338 319
338 357
338 405
338 406
338 407
338 408
338 436
338 437
338 438
338 456
338 469
338 472
339 40
339 49
339 50
339 76
339 77
339 78
339 79
339 218
339 219
339 239
339 261
339 262
339 263
339 264
339 267
339 276
339 277
339 279
339 282
339 283
339 284
339 357
339 404
339 405
339 406
339 407
339 408
339 431
339 436
339 437
339 438
339 448
339 463
339 469
339 472
339 477
339 478
339 479
340 0
340 151
340 282
340 283
340 284
340 409
340 468
340 479
341 44
341 238
341 258
341 285
341 413
341 472
343 0
343 6
343 40
343 44
343 50
343 76
343 77
343 78
343 79
343 80
343 85
343 158
343 219
343 261
343 262
343 263
343 267
343 276
343 277
343 279
343 282
343 283
343 284
343 299
343 300
343 319
343 320
343 348
343 357
343 405
343 406
343 407
343 408
343 411
343 431
343 436
343 437
343 438
343 469
343 472
343 478
343 479
344 44
344 49
344 76
344 77
344 78
344 79
344 158
344 219
344 239
344 282
344 283
344 284
344 299
344 300
344 346
344 405
344 406
344 407
344 408
344 411
344 412
344 413
344 436
344 437
344 438
344 456
344 469
344 472
344 479
347 145
347 157
347 239
347 264
347 405
347 407
347 413
347 461
347 472
348 3
348 5
348 6
348 10
348 26
348 27
348 44
348 49
348 64
348 76
348 77
348 78
348 79
348 144
348 145
348 154
348 155
348 218
348 219
348 231
348 238
348 249
348 253
348 254
348 255
348 258
348 259
348 260
348 261
348 262
348 263
348 285
348 299
348 300
348 315
348 371
348 405
348 407
348 424
348 425
348 430
348 431
348 432
348 436
348 437
348 438
348 444
348 445
348 446
348 458
348 459
348 461
348 472
348 479
349 18
349 40
349 50
349 136
349 147
349 167
349 220
349 267
349 277
349 279
349 280
349 281
349 306
349 353
349 355
349 356
349 367
349 405
349 406
349 407
349 408
349 424
349 431
349 433
349 436
349 437
349 438
349 439
349 461
349 477
349 478
350 24
350 40
350 50
350 218
350 267
350 277
350 279
350 314
350 365
350 414
350 427
350 461
350 470
350 476
350 479
351 44
351 76
351 77
351 78
351 79
351 219
351 239
351 264
351 315
351 405
351 406
351 407
351 408
351 463
351 469
352 2
352 14
352 44
352 49
352 73
352 74
352 75
352 76
352 77
352 78
352 79
352 135
352 158
352 159
352 218
352 239
352 252
352 405
352 407
352 408
352 436
352 437
352 438
352 453
352 463
352 469
352 472
352 477
352 479
353 0
353 44
353 54
353 76
353 77
353 78
353 79
353 154
353 157
353 158
353 168
353 218
353 219
353 238
353 258
353 280
353 299
353 300
353 312
353 349
353 350
353 351
353 353
353 355
353 371
353 372
353 373
353 405
353 406
353 407
353 408
353 409
353 412
353 413
353 431
353 436
353 437
353 438
353 449
353 450
353 453
353 456
353 468
353 469
353 470
353 472
353 478
353 479
354 11
354 44
354 45
354 46
354 49
354 76
354 77
354 78
354 79
354 169
354 199
354 219
354 238
354 258
354 261
354 262
354 263
354 264
354 280
354 281
354 299
354 300
354 319
354 335
354 354
354 355
354 356
354 405
354 406
354 407
354 408
354 429
354 431
354 436
354 437
354 438
354 463
354 469
354 476
354 478
355 44
355 45
355 46
355 49
355 54
355 64
355 76
355 77
355 78
355 79
355 106
355 107
355 108
355 109
355 118
355 127
355 158
355 214
355 215
355 216
355 218
355 219
355 239
355 285
355 299
355 300
355 308
355 315
355 319
355 405
355 406
355 407
355 408
355 412
355 413
355 418
355 436
355 437
355 438
355 439
355 456
355 463
355 469
355 472
355 478
356 6
356 11
356 12
356 13
356 14
356 15
356 16
356 17
356 44
356 45
356 46
356 47
356 49
356 64
356 65
356 66
356 67
356 69
356 70
356 71
356 76
356 77
356 78
356 79
356 82
356 110
356 111
356 112
356 115
356 116
356 117
356 118
356 119
356 121
356 122
356 125
356 127
356 130
356 218
356 219
356 238
356 245
356 252
356 258
356 280
356 281
356 282
356 283
356 284
356 292
356 293
356 319
356 354
356 355
356 356
356 357
356 371
356 405
356 406
356 407
356 408
356 409
356 412
356 436
356 437
356 438
356 442
356 443
356 453
356 454
356 455
356 456
356 458
356 469
356 472
356 476
356 478
357 14
357 49
357 76
357 77
357 78
357 79
357 91
357 106
357 107
357 108
357 109
357 120
357 122
357 214
357 215
357 216
357 219
357 232
357 264
357 335
357 357
357 405
357 406
357 407
357 408
357 413
357 436
357 437
357 438
357 469
357 472
357 478
358 0
358 3
358 11
358 12
358 13
358 14
358 15
358 16
358 17
358 25
358 30
358 44
358 45
358 46
358 47
358 72
358 76
358 77
358 78
358 79
358 92
358 134
358 144
358 145
358 218
358 219
358 239
358 285
358 299
358 300
358 315
358 319
358 320
358 333
358 343
358 367
358 371
358 382
358 383
358 384
358 385
358 386
358 387
358 388
358 389
358 405
358 406
358 407
358 408
358 412
358 413
358 424
358 426
358 434
358 436
358 437
358 438
358 439
358 456
358 463
358 465
358 469
358 471
358 472
358 477
358 478
359 44
359 49
359 73
359 74
359 75
359 76
359 77
359 78
359 79
359 91
359 161
359 218
359 219
359 238
359 256
359 258
359 280
359 281
359 282
359 283
359 284
359 286
359 319
359 355
359 358
359 405
359 406
359 407
359 408
359 413
359 469
359 479
360 45
360 46
360 49
360 76
360 77
360 78
360 79
360 103
360 105
360 117
360 127
360 128
360 129
360 132
360 133
360 157
360 158
360 218
360 219
360 239
360 274
360 286
360 299
360 300
360 319
360 367
360 405
360 406
360 407
360 408
360 412
360 413
360 418
360 453
360 456
360 461
360 463
360 465
360 469
360 471
360 472
360 477
360 478
360 479
362 6
362 76
362 77
362 78
362 79
362 218
362 219
362 238
362 239
362 264
362 274
362 280
362 281
362 282
362 283
362 284
362 315
362 343
362 355
362 405
362 406
362 407
362 408
362 409
362 461
362 469
362 478
362 479
363 15
363 76
363 77
363 78
363 79
363 85
363 154
363 219
363 239
363 256
363 257
363 264
363 292
363 293
363 301
363 308
363 319
363 320
363 345
363 371
363 405
363 406
363 407
363 408
363 409
363 413
363 431
363 441
363 456
363 469
363 472
363 478
364 44
364 76
364 77
364 78
364 82
364 219
364 252
364 308
364 357
364 405
364 406
364 407
364 408
364 436
364 437
364 438
364 439
364 456
364 469
364 472
364 479
366 76
366 77
366 78
366 79
366 218
366 219
366 239
366 282
366 283
366 284
366 315
366 321
366 405
366 406
366 407
366 408
366 411
366 412
366 413
366 463
366 469
366 477
366 478
370 44
370 49
370 73
370 76
370 77
370 78
370 79
370 158
370 218
370 239
370 252
370 285
370 315
370 320
370 405
370 406
370 407
370 408
370 411
370 436
370 437
370 438
370 456
370 461
370 463
370 469
370 472
370 477
370 478
370 479
371 44
371 49
371 54
371 76
371 77
371 78
371 79
371 218
371 219
371 252
371 308
371 405
371 406
371 407
371 408
371 413
371 436
371 437
371 438
371 456
371 468
371 469
371 472
371 478
371 479
372 3
372 64
372 76
372 77
372 78
372 79
372 81
372 85
372 99
372 144
372 145
372 151
372 218
372 219
372 239
372 282
372 283
372 284
372 302
372 308
372 327
372 405
372 406
372 407
372 408
372 410
372 436
372 437
372 438
372 463
372 464
372 465
372 469
372 471
372 476
372 477
372 484
375 49
375 54
375 76
375 77
375 78
375 79
375 144
375 145
375 158
375 252
375 308
375 405
375 406
375 407
375 408
375 424
375 429
375 436
375 437
375 438
375 456
375 469
375 470
375 472
376 85
376 99
376 132
376 133
376 134
376 157
376 218
376 219
376 232
376 274
376 280
376 281
376 308
376 355
376 405
376 406
376 407
376 408
376 431
376 436
376 437
376 438
376 469
377 282
377 283
377 284
378 44
378 49
378 141
378 158
378 169
378 282
378 283
378 284
378 297
378 299
378 300
378 436
378 437
378 438
378 472
378 478
379 44
379 64
379 65
379 66
379 67
379 69
379 70
379 71
379 76
379 77
379 78
379 79
379 158
379 202
379 203
379 204
379 266
379 280
379 285
379 308
379 357
379 358
379 367
379 405
379 411
379 436
379 437
379 438
379 442
379 443
379 456
379 461
379 472
381 18
381 261
381 262
381 263
381 280
381 281
381 285
381 355
381 431
382 14
382 44
382 45
382 46
382 64
382 76
382 77
382 78
382 79
382 158
382 357
382 407
382 412
382 413
382 436
382 437
382 438
382 439
382 472
382 477
382 478
383 0
383 3
383 6
383 44
383 49
383 54
383 76
383 77
383 78
383 79
383 113
383 132
383 133
383 145
383 147
383 158
383 199
383 218
383 219
383 238
383 239
383 256
383 258
383 264
383 274
383 282
383 283
383 284
383 295
383 296
383 319
383 320
383 322
383 334
383 335
383 336
383 337
383 338
383 339
383 340
383 341
383 342
383 357
383 371
383 372
383 405
383 406
383 407
383 408
383 411
383 412
383 413
383 436
383 437
383 438
383 453
383 456
383 461
383 463
383 469
383 472
383 475
383 477
383 478
383 479
383 484
384 44
384 49
384 76
384 77
384 78
384 79
384 99
384 218
384 238
384 239
384 280
384 335
384 337
384 357
384 385
384 405
384 406
384 407
384 408
384 411
384 413
384 436
384 437
384 438
384 458
384 459
384 469
384 472
384 474
384 478
384 479
385 44
385 61
385 76
385 77
385 78
385 79
385 82
385 99
385 147
385 158
385 199
385 239
385 308
385 405
385 406
385 407
385 408
385 424
385 436
385 437
385 438
385 456
385 461
385 472
386 44
386 137
386 151
386 158
386 172
386 218
386 264
386 265
386 308
386 382
386 383
386 384
386 385
386 405
386 407
386 408
386 436
386 437
386 438
386 456
386 472
387 15
387 44
387 49
387 76
387 77
387 78
387 79
387 85
387 219
387 238
387 239
387 258
387 264
387 266
387 292
387 293
387 315
387 319
387 357
387 371
387 405
387 406
387 407
387 408
387 412
387 413
387 436
387 437
387 438
387 461
387 463
387 468
387 469
387 472
387 477
387 478
387 479
387 481
388 5
388 10
388 18
388 24
388 26
388 27
388 44
388 49
388 64
388 76
388 77
388 78
388 79
388 99
388 154
388 155
388 158
388 169
388 218
388 227
388 231
388 238
388 239
388 249
388 253
388 254
388 255
388 258
388 259
388 260
388 261
388 262
388 263
388 266
388 285
388 291
388 299
388 300
388 308
388 315
388 319
388 334
388 335
388 336
388 337
388 338
388 339
388 340
388 341
388 342
388 343
388 344
388 345
388 367
388 371
388 405
388 406
388 407
388 408
388 411
388 413
388 424
388 425
388 430
388 431
388 432
388 436
388 437
388 438
388 439
388 444
388 445
388 446
388 448
388 449
388 456
388 458
388 459
388 461
388 463
388 469
388 472
388 476
388 477
388 478
388 479
389 14
389 34
389 44
389 45
389 46
389 76
389 77
389 78
389 79
389 218
389 385
389 405
389 406
389 407
389 408
389 436
389 437
389 438
389 456
389 469
389 472
389 478
391 0
391 3
391 6
391 15
391 42
391 44
391 49
391 54
391 61
391 62
391 76
391 77
391 78
391 79
391 91
391 130
391 157
391 158
391 162
391 163
391 164
391 182
391 199
391 204
391 218
391 219
391 238
391 239
391 242
391 243
391 244
391 252
391 258
391 264
391 265
391 302
391 315
391 319
391 321
391 346
391 357
391 367
391 382
391 397
391 405
391 406
391 407
391 408
391 412
391 413
391 418
391 431
391 436
391 437
391 438
391 439
391 440
391 453
391 456
391 461
391 463
391 469
391 472
391 474
391 476
391 477
391 478
391 479
391 483
391 484
392 0
392 6
392 25
392 28
392 30
392 44
392 49
392 76
392 77
392 78
392 79
392 151
392 157
392 158
392 209
392 218
392 219
392 238
392 239
392 252
392 256
392 258
392 264
392 285
392 291
392 315
392 319
392 335
392 343
392 348
392 357
392 367
392 371
392 397
392 405
392 406
392 407
392 408
392 409
392 411
392 432
392 436
392 437
392 438
392 439
392 453
392 454
392 455
392 456
392 461
392 463
392 468
392 469
392 472
392 474
392 477
392 478
392 479
392 481
393 151
393 320
395 49
395 261
395 262
395 263
395 424
395 431
397 44
397 49
397 76
397 77
397 78
397 79
397 219
397 282
397 283
397 284
397 405
397 406
397 407
397 408
397 436
397 437
397 438
397 469
397 472
397 479
398 54
400 18
400 49
400 54
400 76
400 77
400 78
400 95
400 130
400 158
400 169
400 200
400 239
400 264
400 265
400 266
400 282
400 283
400 284
400 299
400 301
400 315
400 339
400 405
400 406
400 407
400 408
400 409
400 418
400 424
400 431
400 436
400 437
400 438
400 463
400 469
400 472
400 477
400 479
404 3
404 64
404 134
404 141
404 143
404 144
404 145
404 146
404 151
404 218
404 219
404 239
404 282
404 283
404 284
404 302
404 315
404 327
404 405
404 406
404 407
404 408
404 463
404 469
404 470
404 473
404 475
404 479
405 21
405 44
405 49
405 73
405 74
405 75
405 76
405 77
405 78
405 79
405 81
405 82
405 85
405 87
405 93
405 94
405 99
405 100
405 103
405 105
405 147
405 158
405 199
405 200
405 218
405 219
405 239
405 264
405 282
405 283
405 284
405 315
405 319
405 348
405 357
405 367
405 405
405 406
405 407
405 408
405 411
405 436
405 437
405 438
405 461
405 463
405 465
405 469
405 472
405 477
405 478
405 479
406 44
406 54
406 64
406 65
406 66
406 67
406 69
406 70
406 71
406 76
406 77
406 78
406 79
406 105
406 132
406 133
406 145
406 151
406 158
406 218
406 239
406 274
406 280
406 281
406 282
406 283
406 284
406 286
406 291
406 303
406 309
406 320
406 345
406 355
406 405
406 406
406 407
406 408
406 412
406 413
406 436
406 437
406 438
406 440
406 442
406 443
406 456
406 463
406 469
406 472
406 477
406 478
406 479
407 44
407 49
407 76
407 77
407 78
407 79
407 81
407 82
407 85
407 99
407 100
407 132
407 133
407 151
407 157
407 158
407 200
407 218
407 238
407 239
407 258
407 264
407 274
407 282
407 283
407 284
407 295
407 296
407 315
407 319
407 323
407 357
407 371
407 372
407 382
407 383
407 384
407 385
407 405
407 406
407 407
407 408
407 409
407 412
407 413
407 436
407 437
407 438
407 439
407 453
407 456
407 461
407 463
407 468
407 469
407 471
407 472
407 477
407 478
407 479
408 44
408 49
408 76
408 77
408 78
408 79
408 143
408 144
408 145
408 146
408 151
408 158
408 159
408 218
408 219
408 238
408 239
408 258
408 264
408 282
408 283
408 284
408 315
408 317
408 319
408 348
408 357
408 367
408 385
408 405
408 406
408 407
408 408
408 413
408 424
408 436
408 437
408 438
408 447
408 456
408 461
408 463
408 469
408 472
408 477
408 478
408 479
408 484
409 49
409 152
409 348
409 476
410 49
410 157
410 256
410 257
412 0
412 6
412 7
412 11
412 12
412 13
412 14
412 15
412 16
412 17
412 18
412 44
412 45
412 46
412 47
412 76
412 77
412 78
412 79
412 81
412 82
412 85
412 87
412 93
412 94
412 95
412 99
412 100
412 103
412 105
412 151
412 158
412 159
412 161
412 169
412 170
412 199
412 218
412 219
412 227
412 238
412 280
412 281
412 282
412 283
412 284
412 285
412 289
412 292
412 293
412 295
412 296
412 299
412 300
412 308
412 315
412 319
412 320
412 321
412 348
412 349
412 350
412 351
412 355
412 358
412 371
412 372
412 373
412 385
412 405
412 406
412 407
412 408
412 411
412 412
412 413
412 420
412 431
412 436
412 437
412 438
412 456
412 458
412 461
412 464
412 468
412 469
412 472
412 479
412 484
413 14
413 37
413 44
413 45
413 46
413 47
413 49
413 141
413 145
413 158
413 218
413 219
413 238
413 239
413 256
413 258
413 280
413 281
413 282
413 283
413 284
413 309
413 334
413 335
413 336
413 337
413 338
413 339
413 340
413 341
413 342
413 355
413 405
413 406
413 407
413 408
413 412
413 413
413 436
413 437
413 438
413 456
413 463
413 469
413 471
413 472
413 477
414 18
414 44
414 49
414 61
414 62
414 76
414 77
414 78
414 79
414 81
414 82
414 85
414 87
414 93
414 94
414 99
414 100
414 103
414 105
414 158
414 179
414 183
414 184
414 192
414 218
414 219
414 232
414 261
414 262
414 263
414 282
414 283
414 284
414 285
414 299
414 300
414 319
414 323
414 324
414 325
414 326
414 331
414 334
414 335
414 336
414 337
414 338
414 339
414 340
414 341
414 342
414 348
414 367
414 385
414 405
414 406
414 407
414 408
414 411
414 413
414 414
414 416
414 431
414 434
414 436
414 437
414 438
414 456
414 461
414 469
414 472
414 477
414 478
414 479
416 49
416 54
416 64
416 76
416 77
416 78
416 79
416 85
416 92
416 114
416 151
416 203
416 204
416 208
416 209
416 210
416 282
416 283
416 284
416 357
416 405
416 406
416 407
416 408
416 411
416 424
416 436
416 437
416 438
416 476
416 477
417 218
417 405
417 406
417 407
417 408
417 431
417 476
418 11
418 12
418 13
418 14
418 15
418 16
418 17
418 45
418 46
418 47
418 49
418 76
418 77
418 78
418 79
418 143
418 144
418 145
418 146
418 151
418 219
418 238
418 239
418 258
418 261
418 262
418 263
418 282
418 283
418 284
418 317
418 338
418 339
418 405
418 406
418 407
418 408
418 418
418 431
418 436
418 437
418 438
418 441
418 463
418 469
418 477
418 479
420 82
420 199
420 303
421 0
421 6
421 7
421 44
421 76
421 77
421 78
421 79
421 81
421 82
421 85
421 87
421 93
421 94
421 99
421 100
421 103
421 105
421 158
421 159
421 319
421 320
421 405
421 407
421 436
421 437
421 438
421 456
421 472
422 151
422 218
422 232
422 405
422 479
424 76
424 77
424 78
424 79
424 120
424 256
424 348
424 367
424 405
424 406
424 407
424 408
424 469
424 472
424 478
426 80
426 85
426 87
426 103
426 105
426 132
426 133
426 158
426 219
426 236
426 273
426 274
426 295
426 296
426 371
426 372
426 405
426 406
426 407
426 408
426 409
426 461
426 469
426 471
426 481
428 44
428 76
428 77
428 78
428 79
428 158
428 282
428 283
428 284
428 323
428 326
428 382
428 383
428 384
428 385
428 386
428 387
428 388
428 389
428 405
428 406
428 407
428 408
428 428
430 44
430 49
430 54
430 76
430 77
430 78
430 79
430 99
430 106
430 107
430 108
430 109
430 199
430 203
430 210
430 214
430 215
430 216
430 218
430 239
430 242
430 315
430 358
430 405
430 406
430 407
430 408
430 412
430 413
430 436
430 437
430 438
430 463
430 469
430 472
430 479
431 1
431 11
431 44
431 49
431 64
431 76
431 77
431 78
431 79
431 167
431 219
431 220
431 239
431 295
431 296
431 315
431 320
431 371
431 372
431 378
431 379
431 405
431 406
431 407
431 408
431 411
431 413
431 418
431 424
431 432
431 433
431 436
431 437
431 438
431 440
431 456
431 461
431 463
431 469
431 472
431 477
431 478
431 479
432 24
432 44
432 62
432 76
432 77
432 78
432 202
432 203
432 204
432 205
432 206
432 208
432 209
432 210
432 218
432 219
432 239
432 264
432 280
432 281
432 302
432 315
432 355
432 405
432 406
432 407
432 408
432 411
432 413
432 418
432 436
432 437
432 438
432 456
432 463
432 465
432 469
432 471
432 472
432 477
432 479
433 19
433 20
433 76
433 77
433 78
433 79
433 158
433 167
433 169
433 170
433 218
433 219
433 220
433 232
433 234
433 235
433 236
433 237
433 272
433 273
433 274
433 275
433 299
433 300
433 343
433 344
433 345
433 371
433 405
433 406
433 407
433 408
433 432
433 433
433 436
433 437
433 438
433 469
433 472
433 478
434 0
434 3
434 5
434 10
434 26
434 27
434 49
434 76
434 77
434 78
434 79
434 154
434 155
434 157
434 158
434 159
434 175
434 190
434 191
434 218
434 219
434 227
434 231
434 238
434 239
434 240
434 249
434 253
434 254
434 255
434 258
434 259
434 260
434 261
434 262
434 263
434 282
434 283
434 284
434 285
434 302
434 308
434 315
434 319
434 320
434 321
434 327
434 333
434 348
434 405
434 406
434 407
434 408
434 411
434 412
434 413
434 424
434 425
434 430
434 431
434 432
434 436
434 437
434 438
434 444
434 445
434 446
434 456
434 458
434 459
434 463
434 469
434 472
434 473
434 474
434 477
434 478
435 219
435 261
435 262
435 263
435 282
435 283
435 284
435 405
435 406
435 407
435 408
435 431
435 456
435 470
437 73
439 0
439 6
439 7
439 18
439 44
439 64
439 76
439 77
439 78
439 79
439 82
439 113
439 129
439 151
439 158
439 159
439 218
439 238
439 239
439 258
439 264
439 274
439 295
439 296
439 299
439 300
439 315
439 357
439 367
439 371
439 372
439 385
439 404
439 405
439 406
439 407
439 408
439 411
439 431
439 436
439 437
439 438
439 440
439 453
439 454
439 455
439 458
439 461
439 463
439 465
439 468
439 469
439 472
439 476
439 477
439 478
439 479
440 11
440 12
440 13
440 14
440 15
440 16
440 17
440 45
440 46
440 47
440 85
440 87
440 94
440 99
440 103
440 105
440 151
440 282
440 283
440 284
440 292
440 293
440 315
440 320
440 353
440 371
440 405
440 406
440 407
440 408
440 469
440 479
442 11
442 44
442 64
442 72
442 76
442 77
442 78
442 79
442 158
442 238
442 239
442 252
442 258
442 308
442 319
442 405
442 406
442 407
442 408
442 412
442 413
442 436
442 437
442 438
442 456
442 469
442 479
444 19
444 20
444 49
444 76
444 99
444 103
444 105
444 106
444 107
444 108
444 109
444 139
444 140
444 151
444 179
444 183
444 184
444 192
444 214
444 215
444 216
444 219
444 264
444 268
444 269
444 270
444 271
444 280
444 281
444 295
444 296
444 308
444 323
444 324
444 325
444 326
444 331
444 355
444 371
444 372
444 405
444 406
444 407
444 408
444 436
444 437
444 438
444 461
444 477
444 479
445 13
445 44
445 49
445 54
445 76
445 77
445 78
445 79
445 91
445 99
445 132
445 133
445 136
445 151
445 158
445 218
445 219
445 232
445 239
445 261
445 262
445 263
445 264
445 274
445 278
445 282
445 283
445 284
445 299
445 300
445 315
445 320
445 321
445 322
445 348
445 405
445 406
445 407
445 408
445 411
445 413
445 416
445 431
445 434
445 436
445 437
445 438
445 439
445 440
445 456
445 461
445 463
445 469
445 472
445 477
445 479
447 44
447 64
447 76
447 77
447 78
447 79
447 145
447 199
447 256
447 257
447 266
447 285
447 315
447 320
447 405
447 406
447 407
447 408
447 413
447 436
447 437
447 438
447 456
447 472
448 0
448 44
448 49
448 76
448 77
448 78
448 79
448 158
448 199
448 219
448 252
448 261
448 262
448 263
448 320
448 405
448 406
448 407
448 408
448 412
448 413
448 418
448 431
448 436
448 437
448 438
448 456
448 469
448 472
449 49
449 76
449 77
449 78
449 79
449 219
449 299
449 300
449 315
449 334
449 335
449 336
449 337
449 338
449 339
449 340
449 341
449 342
449 405
449 406
449 407
449 408
449 436
449 437
449 438
449 461
449 463
449 469
449 478
450 64
450 76
450 77
450 78
450 79
450 405
450 406
450 407
450 408
450 413
450 436
450 437
450 438
450 456
450 472
450 479
451 31
451 44
451 64
451 76
451 77
451 78
451 79
451 91
451 158
451 169
451 170
451 218
451 219
451 238
451 239
451 252
451 258
451 259
451 285
451 299
451 300
451 315
451 319
451 343
451 344
451 345
451 348
451 368
451 369
451 370
451 371
451 405
451 406
451 407
451 408
451 418
451 430
451 436
451 437
451 438
451 439
451 456
451 463
451 465
451 468
451 469
451 472
451 477
451 478
451 479
451 484
452 0
452 6
452 76
452 77
452 78
452 79
452 82
452 95
452 157
452 158
452 218
452 219
452 239
452 256
452 301
452 308
452 315
452 346
452 405
452 406
452 407
452 408
452 410
452 411
452 412
452 416
452 417
452 418
452 419
452 420
452 421
452 422
452 424
452 436
452 437
452 438
452 452
452 458
452 463
452 468
452 469
452 472
452 477
452 479
453 49
453 54
453 64
453 65
453 66
453 67
453 69
453 70
453 71
453 76
453 77
453 78
453 79
453 110
453 120
453 122
453 158
453 218
453 280
453 281
453 315
453 319
453 354
453 355
453 405
453 406
453 407
453 408
453 436
453 437
453 438
453 439
453 441
453 442
453 443
453 456
453 463
453 469
453 478
455 49
455 64
455 65
455 66
455 67
455 69
455 70
455 71
455 76
455 77
455 78
455 79
455 82
455 85
455 99
455 105
455 261
455 262
455 263
455 266
455 291
455 315
455 343
455 344
455 345
455 371
455 405
455 406
455 407
455 408
455 409
455 431
455 436
455 437
455 438
455 442
455 443
455 463
455 472
455 476
455 481
456 11
456 12
456 13
456 14
456 15
456 16
456 17
456 40
456 44
456 45
456 46
456 47
456 49
456 50
456 76
456 77
456 78
456 79
456 82
456 85
456 145
456 151
456 218
456 219
456 256
456 267
456 276
456 277
456 279
456 286
456 295
456 296
456 308
456 348
456 371
456 372
456 405
456 406
456 407
456 408
456 412
456 413
456 436
456 437
456 438
456 461
456 469
456 472
456 478
457 2
457 76
457 77
457 78
457 79
457 91
457 103
457 158
457 218
457 219
457 239
457 256
457 264
457 292
457 293
457 371
457 405
457 406
457 407
457 408
457 411
457 412
457 413
457 436
457 437
457 438
457 453
457 454
457 455
457 463
457 465
457 467
457 468
457 469
457 472
457 477
457 478
458 44
458 125
458 132
458 133
458 219
458 274
458 367
458 405
458 406
458 407
458 408
458 412
458 436
458 437
458 438
458 439
458 456
458 465
459 0
459 6
459 18
459 44
459 49
459 54
459 76
459 77
459 78
459 158
459 219
459 227
459 238
459 239
459 258
459 266
459 285
459 308
459 319
459 349
459 350
459 351
459 371
459 372
459 373
459 405
459 406
459 407
459 408
459 431
459 436
459 437
459 438
459 449
459 450
459 456
459 463
459 469
459 470
459 472
459 478
460 76
460 77
460 78
460 79
460 134
460 218
460 239
460 261
460 262
460 263
460 264
460 282
460 283
460 284
460 315
460 405
460 406
460 407
460 408
460 413
460 431
460 436
460 437
460 438
460 463
460 469
460 472
460 477
460 479
461 20
461 45
461 46
461 76
461 77
461 78
461 141
461 142
461 157
461 261
461 262
461 263
461 280
461 281
461 354
461 355
461 431
461 436
461 437
461 438
461 440
461 478
462 158
462 169
462 219
462 315
462 357
462 405
462 406
462 407
462 408
462 418
462 436
462 437
462 438
462 456
462 472
464 44
464 45
464 46
464 82
464 83
464 158
464 159
464 261
464 262
464 263
464 280
464 282
464 283
464 284
464 299
464 300
464 343
464 348
464 355
464 357
464 371
464 431
464 456
465 0
465 11
465 12
465 13
465 14
465 15
465 16
465 17
465 44
465 45
465 46
465 47
465 49
465 64
465 76
465 77
465 78
465 79
465 134
465 151
465 158
465 159
465 169
465 196
465 218
465 219
465 238
465 239
465 252
465 256
465 258
465 261
465 262
465 263
465 282
465 283
465 284
465 285
465 299
465 300
465 302
465 315
465 319
465 320
465 327
465 348
465 357
465 358
465 359
465 360
465 361
465 362
465 363
465 364
465 405
465 406
465 407
465 408
465 411
465 418
465 431
465 436
465 437
465 438
465 456
465 463
465 465
465 469
465 470
465 471
465 472
465 477
465 478
465 479
466 49
466 54
466 202
466 203
466 204
466 205
466 206
466 208
466 209
466 210
466 299
466 300
466 405
466 406
466 407
466 408
466 436
466 437
466 438
468 5
468 10
468 40
468 44
468 49
468 50
468 76
468 77
468 78
468 79
468 82
468 85
468 99
468 134
468 145
468 147
468 152
468 158
468 218
468 219
468 239
468 252
468 260
468 261
468 262
468 263
468 264
468 267
468 276
468 277
468 279
468 280
468 282
468 283
468 284
468 299
468 300
468 315
468 320
468 335
468 343
468 348
468 371
468 405
468 406
468 407
468 408
468 411
468 412
468 413
468 430
468 431
468 432
468 436
468 437
468 438
468 446
468 453
468 456
468 458
468 461
468 463
468 469
468 472
468 476
468 477
468 478
469 19
469 40
469 49
469 50
469 76
469 77
469 78
469 79
469 106
469 107
469 108
469 109
469 134
469 136
469 147
469 151
469 157
469 158
469 168
469 199
469 214
469 215
469 216
469 218
469 219
469 239
469 261
469 262
469 263
469 264
469 267
469 274
469 277
469 279
469 280
469 281
469 282
469 283
469 284
469 292
469 293
469 294
469 295
469 296
469 299
469 300
469 315
469 319
469 343
469 348
469 354
469 355
469 371
469 405
469 406
469 407
469 408
469 411
469 412
469 413
469 431
469 436
469 437
469 438
469 440
469 456
469 463
469 468
469 469
469 472
469 477
469 478
469 479
470 44
470 49
470 73
470 76
470 77
470 78
470 79
470 151
470 158
470 179
470 183
470 184
470 192
470 264
470 289
470 295
470 296
470 319
470 320
470 323
470 324
470 325
470 326
470 331
470 357
470 371
470 372
470 405
470 406
470 407
470 408
470 412
470 413
470 414
470 436
470 437
470 438
470 456
470 461
470 465
470 472
470 478
470 479
470 484
472 5
472 10
472 26
472 27
472 44
472 49
472 54
472 76
472 77
472 78
472 79
472 151
472 154
472 155
472 158
472 159
472 218
472 231
472 238
472 239
472 249
472 253
472 254
472 255
472 256
472 258
472 259
472 260
472 261
472 262
472 263
472 265
472 285
472 295
472 296
472 298
472 315
472 320
472 367
472 371
472 372
472 405
472 406
472 407
472 408
472 409
472 413
472 424
472 425
472 430
472 431
472 432
472 436
472 437
472 438
472 444
472 445
472 446
472 456
472 458
472 459
472 461
472 463
472 465
472 469
472 471
472 472
472 477
472 478
472 479
473 6
473 44
473 45
473 46
473 238
473 258
473 282
473 283
473 284
473 405
473 406
473 407
473 408
473 411
473 458
473 459
473 477
473 478
474 6
474 44
474 45
474 46
474 238
474 258
474 282
474 283
474 284
474 405
474 406
474 407
474 408
474 411
474 458
474 459
474 477
474 478
475 44
475 282
475 283
475 284
475 465
475 471
476 11
476 12
476 44
476 45
476 46
476 47
476 64
476 73
476 74
476 75
476 76
476 77
476 78
476 79
476 83
476 85
476 87
476 99
476 131
476 185
476 197
476 203
476 218
476 228
476 239
476 242
476 247
476 252
476 256
476 297
476 320
476 326
476 349
476 350
476 351
476 357
476 371
476 372
476 373
476 405
476 406
476 407
476 408
476 410
476 412
476 413
476 436
476 437
476 438
476 449
476 450
476 453
476 461
476 469
476 472
476 476
477 49
477 82
477 184
477 218
477 242
477 264
477 280
477 328
477 355
477 367
477 405
477 407
477 418
477 436
477 437
477 438
477 472
477 476
477 477
477 479
478 0
478 76
478 77
478 78
478 79
478 158
478 218
478 219
478 280
478 286
478 315
478 355
478 357
478 405
478 406
478 407
478 408
478 409
478 418
478 436
478 437
478 438
478 466
478 469
478 476
478 479
479 44
479 54
479 80
479 129
479 157
479 238
479 258
479 261
479 262
479 263
479 299
479 300
479 315
479 320
479 322
479 405
479 406
479 407
479 408
479 431
479 458
479 459
479 472
479 476
480 44
480 76
480 77
480 78
480 79
480 85
480 87
480 99
480 132
480 133
480 218
480 219
480 274
480 319
480 357
480 405
480 406
480 407
480 408
480 409
480 436
480 437
480 438
480 469
480 472
480 476
480 478
481 317
482 24
482 49
482 73
482 74
482 75
482 76
482 79
482 91
482 94
482 99
482 118
482 127
482 158
482 265
482 266
482 357
482 405
482 407
482 440
482 465
482 476
483 44
483 64
483 65
483 66
483 67
483 69
483 70
483 71
483 76
483 77
483 78
483 79
483 80
483 81
483 82
483 85
483 87
483 91
483 93
483 94
483 99
483 100
483 103
483 105
483 132
483 133
483 143
483 144
483 145
483 146
483 151
483 176
483 202
483 203
483 204
483 205
483 206
483 207
483 208
483 209
483 218
483 219
483 239
483 264
483 274
483 280
483 299
483 300
483 315
483 322
483 367
483 405
483 406
483 407
483 408
483 409
483 416
483 417
483 418
483 419
483 420
483 421
483 422
483 424
483 436
483 437
483 438
483 442
483 443
483 456
483 461
483 463
483 469
483 477
483 478
483 479
483 481
484 0
484 6
484 7
484 44
484 45
484 46
484 95
484 158
484 159
484 169
484 301
484 308
484 313
484 345
484 418
484 436
484 437
484 438
484 472
484 476
484 477
485 76
485 77
485 78
485 79
485 158
485 159
485 199
485 218
485 219
485 239
485 256
485 282
485 283
485 284
485 285
485 306
485 315
485 319
485 343
485 367
485 371
485 405
485 406
485 407
485 408
485 409
485 461
485 463
485 469
485 472
485 476
485 477
485 478
