-0.0107449678026046 -0.11420416252223291 -0.3210323495857761 -0.6858163831216718 -0.543483303425462 -0.3943549603494917 
-0.5318977158142403 -0.11163621462078649 2.9414766684158375 -0.8039265043821724 -0.06666610789378127 -0.39435496034948375 
-0.5318977158142403 -0.6534470446797392 -0.9504837814152757 -0.7645564639620055 -0.06666610789378127 -0.39435496034782425 
-0.5197849313037017 0.25471364132832425 0.34269818623195764 -0.5677062618611712 -0.567324163202046 -0.3943549603493578 
-0.5318977158142403 -1.0290619507108403 -0.6610232351390373 -0.3708560597603371 0.016776901324262815 -0.3943549602689383 
1.3404824861501963 -0.028504311110740182 0.5890028410831737 0.5346548699035003 -2.2481047774512204 0.3743973003122084 
-0.22731248710610308 0.12396652295977724 -0.035096653343498575 0.9283552741051688 0.9942521521642086 -0.3943526716211683 
-0.27030703462981265 0.6191663929898137 1.0655607721557772 0.4952848294833335 1.0300134418290845 -0.3943542660540479 
-0.5318977158142403 -1.0290619507108403 0.24059688117600073 -0.7645564639620055 -0.38851771487766573 1.5533346576846967 
-0.5318977158142403 -1.0290619507108403 2.9414766684158375 -0.8039265043821724 -0.16202954700011743 -0.3943549600752139 
-0.3891661606470866 -0.04755289481566064 0.32529952446888794 -0.3314860193401702 0.15982205998376703 -0.2788654754733809 
0.1894815224025406 -0.10474983468529585 -0.22970888009221072 -0.44959614060067077 -0.7222897517498421 -0.19849651996845127 
-0.5122619301444038 -0.15202757294441124 -0.05655875651253496 -0.7251864235418386 -0.6388467425317982 0.11354202068135005 
-0.05643252577704694 0.16860527622728497 -0.7762168956019423 -0.6464463427015049 -0.7342101816381343 -0.3255772666198116 
0.8581891567818232 0.13636039342235906 -0.39268566630623913 -0.134635817239336 -0.5315628735371698 3.566452655847495 
1.7935275890813247 0.059931842341479295 -0.4394102573823966 0.10158442528166506 0.10021991054230697 -0.39435495917289515 
-0.4350782423689366 0.1561083334153813 -0.7025624270174318 -0.6858163831216718 -0.6269263126435063 -0.3785944090720569 
-0.4948173791491469 0.1561083334153813 -0.2128837329792422 -0.4102261001805039 -0.1739499768884095 -0.3943548324112688 
-0.4300063091953232 0.31019706183550316 -0.5393764763745867 -0.4102261001805039 0.14790163009547505 -0.39435496034333994 
2.292507896395891 -0.4765002403308163 0.6362038822047008 0.5346548699035003 -2.2600252073395124 -0.19932644716871867 
-0.11878666744569222 -1.0055088948450601 0.1479234406605975 -0.3708560597603371 -0.25739298610645367 0.8048546797054347 
-0.5318977158142403 -0.15015127320319435 0.9954964435002805 -0.8039265043821724 -0.17394997688840946 -0.39435496034903544 
-0.5276787179233727 0.14501788552823722 0.16150491853647092 -0.7251864235418386 -0.0189843883406132 -0.3943549603431351 
-0.5318977158142403 2.754228443204182 -0.9504837814152757 -0.8432965448023392 -0.10242739755865735 -0.39435496033509926 
0.6384944398034379 -0.6619407987693121 -0.6480453620735611 -0.05589573639900231 -1.2229478070581072 1.710161190912816 
-0.4361935756060942 -0.2677459390966447 0.08894484781234689 -0.2527459384998365 0.33862850830814734 -0.3838317139217766 
0.5648950022470131 0.42839311324403484 -0.32349883448854333 0.10158442528166506 -2.379229506222433 -0.34431412960396884 
1.0018520249781409 0.004502337816300795 -0.3815607428222713 -0.5677062618611712 -0.615005882755214 -0.39435418846105524 
-0.5010277409725533 -0.6433072497343776 0.7042165282275087 0.4559147890631667 0.9584908624993325 -0.28990605126596986 
-0.5318977158142403 -1.0290619507108403 -0.8833497316979091 -0.7645564639620055 -0.31699513554791364 -0.39388511103712937 
-0.3216342352728084 -0.08841114879548159 -0.7416757874700168 0.4559147890631667 0.8631274233929963 3.2760294666412557 
-0.5024345484937598 -0.9293850663713288 -0.7072362533008311 -0.016525695978835468 0.5174349566325277 -0.2665687960024463 
-0.5318977158142403 -1.0290619507108403 0.5200760714782282 0.1409544657018319 0.6127983957388639 4.26333097381397 
-0.5318977158142403 -0.4740163482556905 -0.04235967645468267 -0.8039265043821724 -0.18587040677670147 -0.3943549570381505 
-0.5318977158142403 -0.787304878809461 -0.6261537439293495 -0.8039265043821724 -0.22163169644157754 -0.39435495955307376 
-0.3273136537334781 -0.4427852557913232 1.3015588800606164 -0.44959614060067077 -0.0070639584523211375 -0.38378564264998266 
0.2742218069223321 -0.3072679569349997 -0.2995233394997294 -0.3708560597603371 -0.2454725562181617 -0.39434819848163555 
0.28361408270520205 -0.7460934997736134 -0.5201645498609824 0.4559147890631667 -1.89049188080246 -0.23750620854855972 
1.0232728708861802 4.1958750406367225 0.8262156387154787 0.21969454654216558 -1.4136746852707796 -0.39435496032491335 
-0.39385700614310576 0.2607435017605469 0.2137400191793655 -0.3314860193401702 0.15982205998376703 -0.39092836317104485 
-0.49589321547017506 0.004909963862901049 -0.1553520766110697 -0.8039265043821724 -0.4481198643191259 -0.3943496988796895 
-0.5318977158142403 -1.0290619507108403 -0.6703062364274338 -0.29211597892000335 -1.008380069068851 -0.3943288822764444 
-0.3703655181417826 -0.4552118777164784 0.07791755608490109 -0.7251864235418386 -0.3289155654362057 -0.20939492816450872 
-0.5318977158142403 -1.0290619507108403 -0.4281010038049534 0.3378046678026661 0.7081618348452 0.8807377935714492 
0.6789174320409237 1.4414305134436718 -0.8142877316399261 3.959848386458016 2.9968843733972683 -0.3943548830594151 
0.2766683610180748 -0.18559031826295577 -0.5447909859410437 -0.4889661810208376 -0.8534144805210546 -0.38583948553160385 
1.8959976957373044 -0.18660546806992695 -0.3692765751826629 -0.6464463427015049 -1.3183112461644437 -0.3943374667264448 
-0.3246748463834563 -0.1397112439992578 -0.14948368718471175 -0.016525695978835468 0.0763790507657227 -0.38700049077626775 
-0.5318977158142403 -0.2627199583826148 0.3468363685284287 -0.8039265043821724 -0.09050696767036531 -0.3943549603346435 
0.8562339954049022 0.736261590542947 -0.8318885477496932 2.739377133432844 1.6379553661319781 -0.22432944815999373 
-0.26379172351944036 -0.004451386593389084 -0.17834179807674713 -0.2527459384998365 -0.3050747056596219 0.5250180080751967 
-0.15778116533136358 -0.24899890391213106 1.3114320564865714 0.9677253145253356 1.471069347695889 -0.39350996682499095 
-0.5318977158142403 -1.0290619507108403 -0.7604066515268598 0.18032450612199874 0.3505489381964392 -0.3938346201587025 
-0.2335624522592722 -0.44911149690109964 -0.6097752772175701 -0.4102261001805039 -0.3765972849893738 0.5493829190126648 
1.7218936425660363 0.16150657917800973 -0.24955362294007355 -0.2527459384998365 -0.436199434430834 -0.10336657044686078 
-0.5318977158142403 -1.0290619507108403 -0.842891041707026 -0.29211597892000335 0.18366291976035115 -0.39435431468252097 
-0.2720346540247113 3.7399229007186645 0.24162461252573483 -0.4889661810208376 -0.0070639584523211375 -0.39435496033213197 
-0.531654795735009 -0.6500895837852617 -0.8207517664209053 -0.8039265043821724 -0.18587040677670147 -0.39435496032827166 
-0.5318977158142403 2.334409240937524 2.3576826009411707 -0.2527459384998365 0.43399194741448355 -0.3943549603491449 
-0.5288531841971802 -0.47391301002883673 -0.5798208814313601 -0.6464463427015049 0.06445862087743093 1.2936241524250325 
-0.5318977158142403 2.963152494548742 -0.9504837814152757 -0.8039265043821724 -0.1381886872235334 -0.39435496033279793 
-0.5318977158142403 -0.8124593118664448 -0.9504837814152757 -0.8432965448023392 -0.12626825733524139 -0.39435496031944545 
-0.5318977158142403 -0.34269768971720505 -0.9504837814152757 -0.8039265043821724 -0.07858653778207329 -0.3943549603492333 
-0.5318977158142403 -0.5078834862044465 -0.9504837814152757 -0.8432965448023392 -0.10242739755865735 -0.39435496034886247 
1.2512748084787884 0.43991730838953275 -0.4979548339606538 1.91260628460934 1.8406026742329418 1.676554520510283 
-0.03241389402453715 0.0031938902835139927 0.6601334780529565 0.9283552741051688 1.3280241890363849 -0.26656122725343184 
1.9068816746906072 0.018257439699446217 -0.8579111793063618 1.91260628460934 1.876363963897818 -0.39435496034949064 
-0.4257760000245541 0.012305449346917527 -0.40849704103181783 0.21969454654216558 0.696241404956908 -0.3943545980238759 
-0.5318977158142403 -1.0290619507108403 -0.45650418585978825 0.21969454654216558 0.720082264733492 -0.39435409867329063 
-0.47164714562524995 0.012305449346917527 -0.8949873083343508 0.022844344441331373 0.39823065774960764 -0.3636903680388337 
0.04194224934210427 0.019847108273659857 0.33708902824404624 -0.29211597892000335 -0.22163169644157774 -0.39432515027433984 
-0.5133498379806579 0.010735549210256322 -0.675363155649692 0.5346548699035003 0.7558435543983681 -0.3943520958295551 
1.0840231462038479 -0.1848862015226209 -0.6246745969285795 -0.7645564639620055 -0.3765972849893738 -0.3943549603408003 
1.8509604308770042 0.4301018410862553 -0.1692088475068793 0.8889852336850019 1.0896155912705443 -0.39430226167945287 
-0.30949137159867735 0.1525664457275142 -0.5614966446688703 -0.5677062618611712 -0.1024273975586573 -0.394354960348974 
-0.5318977158142403 0.15308194781658863 -0.2133700598563527 -0.7251864235418386 -0.09050696767036531 -0.3943314006943928 
2.036373253841416 1.4370312517550836 -0.807672423251409 3.644888063096681 1.5902736465788103 -0.33937262008504326 
6.567248722476979 1.4077753441782888 -0.6973713675701483 2.896857295113511 1.0538543016056685 0.6035440477896957 
1.942777816907331 1.4228565294303328 -0.8761491457497902 1.91260628460934 0.1598220599837662 -0.3943549602951701 
1.616070098199883 1.3067976480165757 -0.934429685065779 3.6055180226765144 2.281658580099746 -0.3943549603485554 
-0.5318977158142403 -0.05212527594257374 -0.36921696098595347 -0.7251864235418386 -0.07858653778207325 -0.39435496034510886 
0.33576795693174466 -0.32088970852885984 -0.7692875159058971 -0.6464463427015049 -0.6865284620849663 -0.20457347870712178 
0.6478569202577883 -0.13467529138271664 -0.7286517870691723 -0.3314860193401702 -0.11434782744694962 0.3695184785736462 
-0.5253803155279614 -0.9434056882864216 -0.6261537439293496 -0.6464463427015049 -0.3646768551010818 -0.3935260878870759 
-0.5318977158142403 -0.768742872643087 2.9414766684158375 -0.8039265043821724 -0.15010911711182542 -0.39435496034827117 
2.3892565820222575 -0.28360681937055554 -0.4882004559275595 -0.8039265043821724 -1.1752660875049392 -0.3943549603494486 
-0.5318977158142403 -1.0290619507108403 1.5857921900388678 -0.7251864235418386 -0.6865284620849663 -0.3041864630731719 
0.20353156096005123 -0.2851659834964242 0.061847520681874664 -0.016525695978835468 -0.05474567800548938 -0.39435488873003827 
-0.5318977158142403 3.258872083086489 0.902830718504302 -0.6070763022813381 0.11214034043059899 -0.39435496034482787 
-0.5318977158142403 2.865456035481396 0.21710435353405827 -0.6858163831216718 -0.29315427577132963 -0.3943549603484463 
-0.5318977158142403 3.082545823752767 -0.9504837814152757 -0.8039265043821724 -0.06666610789378127 -0.39435484835969314 
-0.45145588856683955 0.7351170893281764 -0.7424295626705013 -0.17400585765950285 0.016776901324262815 -0.15589560403932867 
-0.3142806571325825 3.931993999843035 1.2616620298191403 1.0070953549455024 1.482989777584181 -0.3943549603494911 
-0.02406934207750748 -0.29798668265583833 -0.8185055066421916 0.7708751124245014 0.9823317222759163 -0.39435495557859657 
-0.22742016108617816 -0.28011964988427407 -0.6705693845308704 -0.8039265043821724 -0.4004381447659577 -0.39435496034921885 
-0.5318977158142403 -0.9084143182382453 0.000884328543440981 -0.8039265043821724 -0.24547255621816155 -0.39435496034835565 
-0.5301403536912419 4.1569340100570304 0.3468363685284287 -0.8432965448023392 -0.12626825733524139 -0.3943549603492898 
0.0319679724161502 0.4829908919632903 0.5575460611260828 1.3220556783068371 1.5783532166905176 -0.3943543267533275 
-0.5318977158142403 -0.22588090035337172 0.3468363685284287 -0.8039265043821724 -0.07858653778207329 -0.39435496034089484 
4.198453841483971 -0.3990098681725496 -0.24109181715191444 -0.17400585765950285 -1.6401628531483279 -0.3943438443457031 
-0.18816746391418498 -0.4339905204745147 -0.6557611349431417 0.022844344441331373 0.11214034043059895 -0.3943549603381193 
-0.5318977158142403 -1.0290619507108403 0.156273452730355 0.3378046678026661 0.6604801152920318 -0.39435495857009784 
-0.5318977158142403 -1.0290619507108403 1.3299345758317627 -0.09526577681916916 0.3147876485315634 -0.39435495675587373 
-0.3599258619438699 -0.23859985940247827 -0.8700770572787156 -0.7251864235418386 -0.6388467425317982 -0.39435496034568396 
-0.5318977158142403 -1.0290619507108403 5.350785518311289 -0.6858163831216718 -0.3169951355479137 -0.2720457705390305 
0.3959692334005015 -0.3282175194355895 -0.7091998841400317 -0.29211597892000335 -1.187186517393231 -0.39394824194399014 
1.4519075528750829 -0.7134656804481012 0.04276872010662801 -0.134635817239336 -1.77128758191954 1.3165274782562382 
3.3080168200992497 -0.7134656804481012 0.3153694598593002 0.4165447486429998 -2.426911225775601 -0.28938991745570225 
1.553812961521416 -0.6975562218220074 -0.8824100175933448 2.345676729231175 -4.155373559577945 -0.39435147417978755 
1.7395827545469027 -0.7134656804481012 0.07117955402633577 0.8102451528446682 -2.9752510006370336 3.1076332827590836 
-0.5115518586511169 -0.8095145446485709 -0.5612877364321642 -0.6464463427015049 -0.3885177148776658 -0.39435496034899287 
-0.5318977158142403 -1.007379860309859 -0.765152331423318 -0.7251864235418386 -0.2812338458830376 -0.3943549603494312 
-0.5111314143274864 -0.9588586741240743 -0.8567886669904715 -0.4889661810208376 -0.042825248117197234 -0.3940498134598207 
-0.5163922482367598 -0.2909052966419258 1.9193456411874643 0.21969454654216558 0.8154457038398281 -0.3943549602793157 
-0.5273584506942244 -0.9305618197531698 0.4302355210248096 -0.8432965448023392 -0.17394997688840946 -0.39435496034940964 
-0.5200462811634425 -0.48753417596660703 0.23872635603312015 -0.6464463427015049 0.040617761100846896 -0.3940534517051012 
-0.477914600173924 -0.5211349649011564 -0.16761817369062654 0.1409544657018319 -1.3421521059410273 -0.39435496034779227 
-0.5318977158142403 -0.49455564435256594 -0.3944894314394024 -0.8039265043821724 -0.1381886872235334 -0.3943549603447848 
-0.5318977158142403 -0.9919531587917609 -0.5798208814313601 -0.7251864235418386 -0.2812338458830376 -0.3943549599402831 
-0.5274901446570485 -0.18806238199826403 -0.9104575698925116 -0.44959614060067077 0.028697331212554963 -0.39435491129079403 
-0.5318977158142403 0.2318548024477636 0.2171043535340585 -0.8432965448023392 -0.15010911711182542 -0.39435496034783585 
-0.5277021835773941 -0.6564736897086734 -0.16251989587634588 -0.3314860193401702 0.2551854990901032 -0.394354960332989 
-0.5234487342785317 -0.4301028158227031 0.6684995556112447 0.10158442528166506 0.660480115292032 -0.3943549570393796 
-0.5318977158142403 -1.0290619507108403 0.03958926973539526 -0.2133758980796697 0.3267080784198554 -0.39435496034949197 
2.7269156705598676 -0.8397804527744329 2.1179353201997553 3.0149674163740117 -4.787156343657421 -0.39435496034880096 
-0.4253659412069426 -0.8572455360234318 -0.14329248577931608 -0.8039265043821724 -0.3050747056596216 -0.3942606455468554 
-0.5318977158142403 -1.0290619507108403 -0.24782935097416764 -0.29211597892000335 0.028697331212554793 -0.39435468804085055 
-0.43675166481382116 -0.8968529013593367 -0.45753561601346937 -0.6858163831216718 -0.3050747056596216 1.839735499990293 
-0.4683961516060696 -0.3101606501205977 -0.7100614208526931 0.37717470822283294 -0.018984388340613452 -0.36933424476325066 
-0.4844385952544947 -0.3578018753974192 -0.9087842051670851 -0.5283362214410044 0.10021991054230697 -0.3943549599942793 
1.190916451415928 -0.7920324064846134 -0.597657160877318 0.6527649911640009 0.9108091429461644 -0.030858109938644254 
-0.5281272565674496 -0.19261727562072453 0.031890109202174534 -0.7645564639620055 -0.46004029420741793 -0.3943549563028288 
-0.12883355469058255 -0.19826201656463796 -0.19613491549035642 0.1409544657018319 0.08829948065401501 -0.3440679535250017 
2.3362202197870356 -0.19826201656463796 0.18939798982971973 -0.29211597892000335 -1.3779133956059035 1.136551990598741 
-0.5318977158142403 0.6947997775594139 0.4993283861533906 -0.44959614060067077 0.14790163009547505 -0.39435496032934053 
1.5394445891227642 0.7038731581571356 0.38324366610147576 1.5582759208278383 1.6737166557968535 -0.3943549259138724 
-0.3885572106199571 0.5863875972210243 -6.608914882568181e-05 1.2039455570463367 1.6141145063553934 -0.3943549602561496 
-0.5256178357483197 2.49106366389946 0.3468363685284287 -0.6464463427015049 -0.3527564252127897 -0.3943549601734819 
-0.5314820262216118 -0.7741735244563396 3.85806155696302 0.022844344441331373 0.6724005451803239 -0.349836807450442 
-0.5318977158142403 -0.20116528056958857 -0.17209169144905298 -0.7645564639620055 -0.054745678005489254 -0.3943549599086088 
-0.5318977158142403 -0.20116528056958857 -0.17209169144905298 -0.7645564639620055 -0.054745678005489254 -0.39435496018020455 
-0.3477076099064194 -0.3365946243217733 0.570374609749498 -0.2527459384998365 0.3147876485315634 -0.39435495998962933 
-0.5318977158142403 -0.5021243922010954 -0.02382653145548685 -0.8432965448023392 -0.17394997688840946 -0.3943549602836961 
-0.3826141199220579 0.9741035681713255 1.0826216248069453 0.37717470822283294 0.8154457038398281 -0.3943546767550362 
-0.5172829900053965 0.790513703362353 -0.8891608751679367 -0.4889661810208376 0.13598120020718307 0.2515790659617894 
-0.1976759362341031 0.14592290176873393 -0.7787053950773605 -0.7251864235418386 -0.6865284620849663 -0.3839376582060561 
0.2785668243247677 1.1586158440004344 0.229067219704108 1.2826856378866704 -2.8322058419775296 -0.39435496034924633 
1.566020695953361 0.20629888081996722 -0.20993090084142038 -0.17400585765950285 -1.5567198439302834 -0.3943549293804438 
-0.5318977158142403 3.0315436776623343 -0.9504837814152757 -0.8039265043821724 -0.07858653778207329 -0.3943549603492459 
0.4745938655353311 -0.36127176722567883 -0.8570063181551568 0.9677253145253356 0.94657043261104 -0.39435493145139816 
-0.5294533828861838 -0.36513838838384033 0.7093228810126992 -0.4889661810208376 0.13598120020718307 -0.39435478787359624 
0.2233199954875825 0.08876586098214559 -0.4286494404818183 1.0858354357858362 0.7320026946217838 0.37541421753587106 
-0.03361279832830222 0.27949770956189246 0.7256461097500921 -0.3314860193401702 -1.3183112461644433 -0.39402340807291264 
-0.4817316011601843 2.827439161950455 -0.04192867308260804 -0.5677062618611712 -0.2693134159947456 -0.2798084487732066 
-0.4077226213116287 -0.008367230047971755 0.9861165636282797 -0.2527459384998365 0.2075037795369351 -0.3943549603494917 
0.501335520541414 0.3116986693514886 0.4319239219463464 0.29843462738249926 0.7677639842866602 -0.3943549603494092 
-0.5318977158142403 -1.0290619507108403 -0.48912850658100665 -0.6070763022813381 -0.6984488919732581 4.113243580501831 
-0.052110853355340735 0.11702156637898685 -0.4763401111135432 -0.4102261001805039 -1.1752660875049392 0.1442898263314745 
1.29456819074401 1.025619711108044 -0.7556780894254402 3.644888063096681 2.746555345743136 -0.3943549601131182 
1.6289791795239754 0.38521288318156544 -0.6008408279254022 0.5740249103236672 0.624718825627156 1.6760136009390918 
-0.5318977158142403 -1.0290619507108403 -0.4939355753375259 -0.8039265043821724 -0.6269263126435061 1.060354197971414 
-0.42500025731615226 -0.21806671114710177 -0.8794400589183585 -0.6070763022813381 -0.4719607240957099 4.022672781671094 
-0.4990831483568723 -0.6841282353800707 0.803952989618676 -0.4102261001805039 -0.12626825733524125 -0.39435495348772376 
1.0136969783930332 -0.9105683538512479 -0.8282118121639195 0.6921350315841677 1.0061725820525003 -0.3943504773714598 
0.22433578265227713 -0.9522699165902089 -0.14525058489849363 0.18032450612199874 -1.3779133956059033 -0.36185521860672726 
0.2734433385709007 -0.5221384665391009 2.211734084072504 0.4559147890631667 1.0776951613822525 -0.39435479666484385 
-0.13470164237037505 -0.42068197554479053 2.14312580691202 -0.4102261001805039 -0.6388467425317982 -0.39435496034828316 
-0.5318977158142403 -0.631933268731128 0.8657644285059103 -0.8039265043821724 -0.12626825733524139 -0.39435496034827927 
-0.5318977158142403 -0.08554351757779866 1.0387404484984042 -0.6858163831216718 -0.007063958452321179 -0.39435496034918355 
0.04483585900623302 -0.23876070277881617 -0.7964669557323039 -0.44959614060067077 -0.8176531908561785 -0.394354960348806 
-0.5318977158142403 -0.02138672052225797 -0.07015939395347613 -0.8039265043821724 -0.15010911711182542 -0.39435496025551436 
-0.30742510010288865 -0.4514816643856729 0.3213084559005043 -0.5677062618611712 -0.1381886872235334 -0.39435496034790174 
-0.5318977158142403 -0.3712294200207925 0.3468363685284287 -0.8039265043821724 -0.07858653778207329 -0.3943549603385853 
-0.5318977158142403 -0.8774392232604865 -0.3018237064434235 -0.7251864235418386 -0.24547255621816155 -0.3943549603494359 
-0.5313160969394604 -0.7983650950345702 3.599675862137276 -0.2527459384998365 0.4220715175261916 -0.3943549603398128 
-0.4507080837027428 -0.7434371059694431 -0.09795911145226992 -0.09526577681916916 -1.020300498957143 -0.3943549603489003 
0.2872531589611929 -0.833107480733012 1.247544961534342 -0.3708560597603371 -0.8176531908561785 -0.3943549603106716 
-0.49808946958593303 -0.9900931624572612 -0.06334573770377193 -0.8432965448023392 -0.2931542757713296 -0.39435294759452955 
-0.5191689302692 -0.6953651732918503 0.6433666885155613 -0.3708560597603371 0.3028672186432713 -0.39435496034885914 
-0.5318977158142403 -0.4252872334672366 1.6441565184721334 -0.7645564639620055 -0.042825248117197234 -0.39435495978367485 
-0.5318977158142403 0.0021587665133458982 -0.9504837814152757 -0.8432965448023392 -0.10242739755865735 -0.394354960336217 
-0.4544787923753396 3.0888968645037633 1.3975231273289896 -0.4889661810208376 -0.579244593090338 -0.3943549536171606 
-0.5277442888311302 -0.7528721946237571 0.16150491853647092 -0.6070763022813381 0.11214034043059899 -0.3943549592770313 
-0.5318977158142403 -0.4252872334672366 1.6441565184721334 -0.7645564639620055 -0.042825248117197234 -0.394354960349088 
-0.5257999378943793 0.19339627057425055 0.7792764185096634 -0.5677062618611712 0.13598120020718305 -0.3943549603473828 
-0.5318977158142403 -1.0290619507108403 -0.9504837814152757 -0.8432965448023392 -0.09050696767036531 -0.3943549603485917 
-0.5239593850920768 -0.8867275114243947 -0.16526369065987567 -0.2133758980796697 0.43399194741448355 -0.39435495999827724 
-0.5318977158142403 -0.772006615365754 -0.9504837814152757 -0.8039265043821724 -0.15010911711182542 -0.39435496029901196 
-0.5318977158142403 -0.724824763370607 -0.17209169144905298 -0.7251864235418386 -0.25739298610645356 -0.3943549603478448 
-0.5318977158142403 2.8954878429341737 4.002920427460686 -0.4102261001805039 0.29094678875497926 -0.3943526922982095 
-0.5293919107577808 -0.6391144660492138 2.663479493427901 -0.6070763022813381 0.10021991054230697 -0.3943535990779582 
-0.5310399754803938 -0.5726512021339437 1.8171325384646273 -0.4889661810208376 0.21942420942522717 -0.3943548692120477 
-0.5252415687643026 -0.4432078280090822 0.5658644457916516 -0.4102261001805039 0.2790263588666873 -0.39432527658705485 
-0.5302518781288357 2.198057099696353 1.644156518472133 -0.6858163831216718 0.028697331212554876 -0.39312717003335074 
-0.5290833018267299 -0.7377422157156159 0.3468363685284287 -0.8432965448023392 -0.1381886872235334 -0.3943549603233367 
-0.5302195493687709 -0.007575902687778315 1.4124922059821858 -0.5677062618611712 0.14790163009547505 -0.39435496034598677 
-0.531034277552566 -0.06932261702138132 2.6171466309299114 -0.5283362214410044 0.18366291976035112 -0.3894180592478795 
-0.07873843876943082 0.19996369665650915 -0.8641925899435364 -0.29211597892000335 -0.05474567800548938 0.013269514980467745 
-0.4666375499187915 0.05172079729624238 0.5144440717910324 -0.4102261001805039 -1.056061788622019 3.4425622269888807 
-0.5318977158142403 -0.3571653065567327 -0.5594786080179379 -0.3708560597603371 0.016776901324262815 -0.3943549603428613 
-0.5094147659528234 -0.18581492903000096 0.6651482857775854 -0.2133758980796697 0.2671059289783953 -0.3943549603422052 
-0.5318977158142403 -1.0290619507108403 -0.6789516570084537 -0.8432965448023392 -0.6030854528669223 2.1647496071976633 
0.2200056003470303 -0.9626541962256503 0.4122052132930338 -0.4102261001805039 -1.139504797840063 3.715344501470345 
-0.4091201107702175 -0.6668099521315574 -0.09023906326400258 -0.29211597892000335 -0.2812338458830376 -0.3943549489962387 
-0.45690283381499885 -0.8824746954149937 -0.016196375625096845 -0.7645564639620055 -0.3765972849893738 -0.39435490985244703 
-0.5318977158142403 -0.9853480577744304 -0.1595736900022278 -0.44959614060067077 -0.6746080321966742 -0.3943549603301979 
0.606393643545424 -0.9982226773291856 1.071389279858149 -0.4102261001805039 0.07637905076572303 -0.39435496034464496 
0.3624239075056737 -0.6785853170293864 0.12531878563423898 -0.4102261001805039 -1.103743508175187 -0.39435491748838125 
-0.36701849743551584 0.12792420566218038 0.2142259812977877 -0.7645564639620055 -0.543483303425462 2.281393203472702 
-0.40581398820398895 -0.8644148863391987 -0.6663863549385753 -0.17400585765950285 -1.044141358733727 -0.3943549602462391 
-0.19077820635569365 -0.8368958332000728 -0.8914517095707534 -0.6858163831216718 -0.8414940506327626 -0.3943549400907022 
-0.5286029911087358 2.179851483772063 1.903620548460874 0.613394950743834 1.1968994602651726 -0.39435486444898704 
-0.5318977158142403 -1.0290619507108403 -0.9058161592184824 -0.3708560597603371 -0.18587040677670147 -0.39331318854987973 
-0.5318977158142403 2.179851483772063 0.3468363685284287 -0.6070763022813381 0.11214034043059899 -0.3943549519242944 
2.2667721399110237 -0.7134656804481012 -0.25866424930442367 -0.5283362214410044 -1.8666510210258758 -0.39435437560802633 
0.5170124109970549 -0.5942070709538935 -0.4340266958218568 0.1409544657018319 -0.25739298610645367 1.9821011681069325 
0.9850918303371959 -0.7134656804481012 -0.2079768602182794 -0.17400585765950285 -2.0573778992385487 -0.39435496034949197 
-0.5318977158142403 -1.0290619507108403 -0.8550628955422371 0.7315050720043346 0.94657043261104 -0.23346920088188874 
2.9677985328519445 0.41978928141786603 -0.5074129730331399 2.975597375953845 2.1386134214402426 2.535506880708159 
5.361660163638828 0.610671180132362 -0.49799525055085214 0.10158442528166506 -1.0322209288454356 -0.39301708318252004 
-0.5181210812856084 -0.4444753145314246 0.8427975167604956 -0.134635817239336 0.4935940968559436 -0.0716661748837487 
-0.5318977158142403 -1.0290619507108403 2.1630845784496153 -0.6464463427015049 0.07637905076572295 -0.3943549603490865 
-0.5318977158142403 -0.8025754405662008 -0.9504837814152757 -0.8039265043821724 -0.15010911711182542 -0.3943549603492492 
-0.5178688525211631 3.830129451242393 2.7917858818838717 -0.4889661810208376 0.18366291976035115 -0.39435496034483564 
-0.5318977158142403 -0.5890925054028737 -0.9504837814152757 -0.8432965448023392 -0.10242739755865735 -0.37897793048121464 
-0.5318977158142403 -0.4399363135184897 -0.9504837814152757 -0.8432965448023392 -0.10242739755865735 -0.3943549603418212 
-0.5318977158142403 -0.44517453046513705 1.644156518472133 -0.8039265043821724 -0.07858653778207329 -0.3943549603493872 
-0.2950090752301223 0.1539058655625534 -0.26922645296801684 -0.8432965448023392 -0.30507470565962164 -0.3943549598645625 
-0.5318977158142403 -0.5793945971616321 -0.9504837814152757 -0.8039265043821724 -0.15010911711182542 -0.3943549603487396 
-0.5317988839463885 -0.5988085748600361 1.3846924884833922 -0.6858163831216718 0.040617761100846896 -0.3943549603476032 
-0.5318977158142403 -0.392216905534415 -0.9504837814152757 -0.8039265043821724 -0.06666610789378127 -0.39435496027202327 
-0.39394590317120437 0.3324283707529495 0.8838363413897419 -0.6464463427015049 -0.7461306115264263 1.6912876315135617 
0.7102365648764092 -0.44140424930883865 -0.7615675838412684 0.10158442528166506 -1.4971176944888236 -0.3902248494389553 
-0.4381110099951281 -0.5532019033050828 -0.804392597374694 -0.05589573639900231 0.4935940968559436 -0.3943549603360715 
-0.48491404642091085 -0.3804764761329248 0.14012861577934566 -0.6070763022813381 -0.2573929861064535 0.5647518559742415 
-0.17179604182943087 -0.3804764761329248 -0.16299658595436725 -0.3314860193401702 -1.3540725358293195 -0.1524175388721065 
0.09078633927684873 -0.5648521343859493 0.07143778848933881 -0.3314860193401702 -1.485197264600532 -0.39168250210863065 
-0.12183038574260033 -0.38222254289838103 0.6062590760088102 -0.6464463427015049 -0.400438144765958 -0.39435496034674594 
0.43877681290116327 0.21344287475904536 -0.7470698754252362 0.849615193264835 0.028697331212554456 -0.37911630056404577 
0.13664003168455174 0.8388267543630455 -0.7264641384655164 1.9913463654496735 0.6247188256271546 1.1966650616571293 
0.10832620566035132 0.02877506947407618 -0.6312082380200394 1.2433155974665036 1.76908009490319 -0.39435495617207367 
0.04403150821547264 -0.3576909002641971 -0.462479133175174 0.3378046678026661 0.7558435543983679 0.20671170379111625 
0.14352729868439415 -0.40778447008267193 -0.25701271805863923 -0.134635817239336 0.08829948065401468 -0.39353313339845514 
-0.530636031284431 -0.930012125381669 -0.03808279683948334 -0.5677062618611712 -0.507722013760586 -0.3943526526735778 
0.2342285447701276 -0.9308404420484956 -0.47603163794533637 -0.05589573639900231 -2.2481047774512204 -0.3943520243721148 
-0.03955226821609704 -0.5830681587855338 0.12422560388291631 -0.6070763022813381 -0.7342101816381342 0.003253770490249492 
-0.05952530025943452 -0.0916621465986583 0.05538251869324985 0.18032450612199874 0.5531962462974038 2.8038422411389887 
-0.4784721260600214 -0.6823015082987977 -0.7319262426409757 0.37717470822283294 0.9465704326110403 2.7587500654548083 
-0.5318977158142403 4.05956676070667 -0.6910197514265348 -0.4889661810208376 -0.5315628735371699 -0.39435496034906614 
-0.43164024857974703 0.3324283707529495 0.2381419775871992 -0.134635817239336 0.3147876485315634 -0.3942566359715636 
-0.5253962307219006 -0.9917331045638277 1.8517277424631258 0.022844344441331373 0.64855968540374 -0.3943549210291236 
-0.5099809484238427 2.8410904933227084 1.0126668572495359 -0.6070763022813381 -0.0070639584523211375 -0.27286514165433756 
-0.4203127190679193 0.0018036898581141683 -0.43212571413790474 0.6921350315841677 0.9704112923876242 -0.394354514783606 
-0.35503614146159423 0.3301319328645367 -0.0911288950385968 0.06221438486149822 0.4220715175261914 2.150323658029511 
-0.5144772415733194 0.3301319328645367 -0.04529391128575439 -0.3708560597603371 -0.018984388340613115 -0.3943549603494836 
-0.3235535141601243 0.3301319328645367 -0.4655278109868696 0.37717470822283294 0.4101510876378994 -0.37291748022934645 
0.154558726692431 0.38566458424950284 0.2851037879931528 0.7708751124245014 1.1849790303768806 1.2384491985133919 
-0.44862850521285663 -0.912039050559329 1.0689899495315747 0.022844344441331373 0.6127983957388639 -0.39414178831846497 
0.34535119502463574 0.21717746099184715 -0.32714023979797013 1.9913463654496735 1.9240456834509856 -0.3943314070562927 
-0.030942508568387348 0.0038227564410597444 0.15116989701980998 1.361425718727004 1.6737166557968537 2.041432797173963 
-0.5318977158142403 -0.02815353484105979 -0.5483011466958858 -0.7645564639620055 -0.23355212632986955 -0.3943549603472868 
0.0808587770453419 0.5879080506086791 -0.18766077282492022 0.10158442528166506 0.14790163009547522 -0.39435496034691364 
-0.3182379060279576 0.4431874340782223 -0.896595098263768 0.7708751124245014 0.9465704326110403 -0.39435496032862966 
-0.5318977158142403 0.5685930600060702 -0.8883891389442861 0.8102451528446682 1.0061725820525005 -0.3943549603308554 
0.12738379185629964 0.3648598481067917 -0.8552964986130224 0.5740249103236672 0.10021991054230697 -0.37199891100471966 
-0.5318977158142403 0.6556033639169633 -0.7565985721929198 -0.8039265043821724 -0.22163169644157749 -0.3943549603492185 
0.6838464900846135 -0.10678340246711783 -0.7218280963602628 1.833866203769006 2.1862951409934106 -0.39435495989991326 
0.4354318086290888 -0.013787298597351304 -0.6964803832730425 1.1645755166261698 1.0776951613822523 -0.19678686204590617 
-0.5318977158142403 -0.9005751944569108 -0.7028135709714775 -0.6070763022813381 -0.43619943443083387 -0.39435496034907996 
-0.34360553634287017 -0.8935283656203872 2.0689932269152362 -0.5677062618611712 -0.0070639584523211375 -0.39435496032380524 
-0.4475167109476536 -0.9012158002457824 -0.023926575423093902 -0.6858163831216718 -0.3885177148776659 4.096958445450106 
-0.5230688261414248 -0.9066000198954847 -0.5263210619892371 -0.4102261001805039 -0.32891556543620587 -0.3943549603363591 
-0.5236215871873873 -0.31835037314322256 -0.6895566084002825 -0.4102261001805039 -0.7103693218615502 -0.3943549603440628 
1.1090043032437389 0.2442489214024786 0.4143353382798063 1.6370160016681718 -3.7381585134877233 -0.39435496026908934 
0.34364048380835266 -0.27272997475811583 0.16842143636202692 -0.5677062618611712 -0.7103693218615501 1.2962261872343959 
-0.10608566668465812 -0.3853171117649555 1.4818161861953942 -0.29211597892000335 -1.056061788622019 -0.39433243167245485 
-0.2831036217936901 0.17958976040891003 -0.1081672529276892 -0.3314860193401702 -0.19779083666499345 -0.39435496020860233 
-0.01741047388167265 -0.02012597284218073 0.29645839221116715 0.21969454654216558 0.5293553865208197 -0.30198365365922125 
-0.4536687242020292 -0.6529767425408527 0.6892339440321125 -0.5677062618611712 -0.2693134159947456 -0.39411010061316015 
-0.5318977158142403 0.07184368380719428 -0.3569896175813805 -0.5283362214410044 -0.042825248117197234 -0.3943549601397114 
0.41633229654333603 0.25136542306825277 -0.3245219848953409 1.3220556783068371 1.2565016097066328 -0.3943549603494745 
0.9376358766171966 0.33454239484433657 -0.40770832402455 0.8889852336850019 0.9704112923876239 -0.39351965461425126 
-0.20283081454336527 -0.06452755212394783 -0.585659569301608 0.6921350315841677 -0.22163169644157774 0.8027624655376726 
-0.4480337568771635 -0.06452755212394783 -0.3283788606338931 0.4952848294833335 0.004856471435970502 -0.23373087716357285 
0.028914190851154563 -0.06452755212394783 -0.7892743529458354 0.9283552741051688 0.11214034043059895 4.211405265456579 
-0.5318977158142403 0.22986919370766798 -0.5595266683553178 0.21969454654216558 0.577037106073988 -0.394354960345509 
-0.5318977158142403 0.43357396968777356 0.1935167144441728 -0.6858163831216718 -0.4242790045425418 -0.39435496034738754 
-0.4551326490304753 -0.5688601249896778 0.16150491853647092 -0.6070763022813381 -0.3885177148776658 -0.394354960348121 
-0.5318977158142403 -0.40496594398808483 -0.9504837814152757 -0.7645564639620055 -0.2097112665532855 -0.3943549603434586 
-0.5318977158142403 -1.0290619507108403 -0.9504837814152757 -0.8432965448023392 -0.09050696767036531 -0.3943549595245869 
-0.5306997158363825 0.0009027625711246676 0.6381007378569747 -0.4889661810208376 0.08829948065401501 -0.39435496034903417 
-0.5318977158142403 -0.005580593181753984 -0.5812465079697599 -0.5677062618611712 0.08829948065401501 -0.3943549599981564 
-0.473545237758247 0.2265678513027354 -0.3975234095092476 0.18032450612199874 0.44591237730277533 -0.3943549602454204 
-0.438239483583693 0.2144596571708469 0.2679517000703134 0.3378046678026661 0.8154457038398283 3.627310523571658 
0.13638649947285136 -0.05016997032292616 -0.5869490141233584 -0.6464463427015049 -0.4242790045425418 -0.39435496026218014 
-0.5318977158142403 0.3729334717976463 -0.789663910293222 -0.17400585765950285 0.33862850830814734 -0.3943549603486435 
0.02568477421290667 0.36507363073691923 -0.9401875897490557 -0.2133758980796697 0.14790163009547522 -0.39435496034896794 
-0.041258892739187536 -0.45776415087499295 0.030319323542163584 0.4165447486429998 0.624718825627156 -0.3450752859190569 
-0.4330612192018935 0.6431940467261265 -0.3944894314394024 -0.6464463427015049 0.06445862087743093 -0.3943549603494496 
0.5315106789508408 0.20460887082519133 -0.6001327730462934 0.849615193264835 0.4101510876378991 4.074392317200985 
0.7624772547705541 0.2111413825080828 -0.7419261570461326 -0.09526577681916916 -0.2812338458830376 1.4653572270082897 
-0.17425660731238246 0.6760915617835822 1.1224623174499955 1.833866203769006 2.305499439876331 -0.3943549539838901 
-0.201135399202885 -0.09676087558152219 -0.12344909122760525 -0.2527459384998365 -0.11434782744694962 -0.394354960338425 
-0.32961635638037623 -0.13946163697244268 0.01604377700548027 -0.8039265043821724 -0.579244593090338 -0.040615084913870746 
-0.5318977158142403 -1.0290619507108403 0.4181608962526065 0.1409544657018319 -1.4136746852707796 -0.2437824937405925 
-0.45901366084132234 -0.39655969777898153 1.760915331967067 0.022844344441331373 0.660480115292032 -0.3943549603487392 
-0.5295636771217931 0.2033887517277094 1.7385070748316753 -0.5677062618611712 0.11214034043059903 -0.39435496034943207 
-0.33764343527228835 -0.5543186748410943 -0.718393036331151 0.4559147890631667 0.5412758164091118 -0.39435496034297696 
0.29167412749998334 0.11448489068734428 0.13020201554029287 1.0070953549455024 1.1253768809354203 -0.39435496012293264 
0.5442683024529538 1.2693880909533515 -0.8796962555255816 -0.09526577681916916 -0.05474567800548938 -0.260677287834121 
-0.5239723103252412 -1.0250446169350345 3.2848849434009355 -0.2133758980796697 0.4697532370793596 -0.39435496034945167 
-0.5178595776313577 -1.0285988409491391 1.396486308028335 0.849615193264835 1.4233876281427211 -0.38359019233334674 
-0.5283135286952397 -0.6133569224747059 0.22889817307900112 -0.44959614060067077 0.2432650692018112 -0.3943549603494798 
-0.5318977158142403 0.16883563812537605 -0.9504837814152757 -0.8039265043821724 -0.16202954700011743 -0.3943549603491006 
-0.5010200968727008 -0.6534224330869818 0.1304346460378197 0.21969454654216558 0.7796844141749519 2.9812467311577144 
6.829447043072925 0.432488887869618 -0.7789764488406739 3.0937074972143455 2.090931701887074 -0.20210158619915267 
-0.5318977158142403 -0.09663824000114224 0.3468363685284287 -0.8432965448023392 -0.1381886872235334 -0.3943549603488994 
-0.482559595891012 0.28501830620021534 -0.8578180564192968 -0.7645564639620055 -0.2693134159947456 -0.3943549603492166 
-0.3074391592504285 -0.6990039064155229 -0.15973626144958916 -0.29211597892000335 -0.8295736207444705 -0.1696684284302568 
-0.5318977158142403 0.26601902593464316 -0.6975648078618355 0.5740249103236672 0.45783280719106734 -0.3943549603462961 
0.6146582876010412 0.24387517795322675 -0.7801498502898696 0.7708751124245014 1.0538543016056685 -0.39435496033633616 
-0.5318977158142403 -0.6991436528304368 -0.3763196814401907 -0.7251864235418386 -0.44811986431912587 -0.29560818393703203 
-0.0801394391088455 0.04890431631258712 -0.42840018443580263 -0.29211597892000335 -0.8891757701859305 -0.39435496034923895 
0.646591955621341 0.945636370064606 -0.11951279645068165 -0.6070763022813381 -0.7699714713030106 -0.19135061323779456 
-0.5292259306366799 -0.42521685803807185 -0.3357536180573355 -0.8039265043821724 -0.4361994344308338 -0.39435132983764376 
0.7791542895249908 -0.42521685803807185 1.1786695303323944 -0.7251864235418386 -0.7818919011913027 -0.39435496034949186 
-0.5318977158142403 -0.7867666760698001 -0.913417491416884 -0.7251864235418386 -0.3169951355479137 -0.39435496034915146 
-0.5318977158142403 -0.24839116915016213 -0.47479972643591734 -0.8039265043821724 -0.16202954700011743 -0.3943549603406693 
-0.5306969769795331 1.3852606094081021 3.1268081184077956 -0.6464463427015049 0.06445862087743093 -0.3943549603443878 
-0.5318977158142403 2.0239708866771267 5.536116968303246 -0.7645564639620055 -0.030904818228905218 -0.3943549603489756 
-0.3554343806839806 0.6092677711198451 0.20003400785826628 -0.5283362214410044 -0.23355212632986938 -0.39435496034088485 
-0.2414600042910526 -0.3714388221306519 -0.8711952336335705 0.022844344441331373 0.3386285083081475 -0.39435494288673467 
-0.5285713045129734 -0.1417135729979467 -0.6635764405623408 -0.7251864235418386 -0.1381886872235334 -0.39435496034712453 
-0.5318977158142403 -0.7647780173578178 -0.765152331423318 -0.6858163831216718 -0.3169951355479137 -0.39435496034789547 
-0.5318977158142403 -0.17336448126983514 -0.3902125518242034 -0.7645564639620055 -0.1739499768884094 -0.39435496034800405 
-0.024028400741723244 -0.21585558721516115 -0.6586895890355102 0.2590645869623324 0.24326506920181137 -0.3712419841078677 
-0.384332406406666 -0.23825348210869227 0.5918744621224467 0.18032450612199874 0.6366392555154479 -0.3943549603460086 
-0.5318977158142403 -0.2519333650080447 -0.8226595901708225 -0.8039265043821724 -0.3289155654362057 -0.394354960348081 
-0.5264794241674625 -0.19638410148838306 1.0998704142283267 -0.2133758980796697 0.2432650692018112 -0.39435496032454576 
0.5648266226116924 -0.2254105176574676 0.42462027897919985 0.5346548699035003 -2.414990795887309 0.031050723563511032 
0.35459690464441734 -0.25949053017856194 -0.8151650486949432 0.6921350315841677 -2.2242639176746364 -0.3943549603475394 
-0.5179330863555155 -0.19271562477921067 -0.6484760542016604 -0.5283362214410044 0.04061776110084694 -0.3937141450760441 
-0.5318977158142403 -0.249294814920729 -0.6166146251797636 -0.8039265043821724 -0.25739298610645356 -0.3254879464220091 
-0.29672909209441567 0.1468514161648505 0.37037753674080437 0.9283552741051688 1.2207403200417566 -0.3943549603352525 
0.10818100238820828 -0.2790338639972661 0.2757053335627945 -0.3314860193401702 0.08829948065401501 -0.39416038961150723 
-0.4627007746388346 -0.19846949875612444 -0.7976012936779372 -0.7251864235418386 -0.4004381447659578 -0.394344397968692 
2.522550598642245 -0.41010961855919514 -0.8558449670581588 0.849615193264835 -2.2957864970043884 -0.3943549601943197 
-0.4725191801643929 3.0315436776623343 2.7169404886178885 -0.6858163831216718 -0.3885177148776658 -0.3943424987521933 
0.09186662380203017 0.20526851771926055 -0.7550869722960626 2.2275666079706746 2.436624168647543 -0.336701693443925 
-0.3484905123997726 -0.44433062020934944 -0.3599258387731919 -0.4889661810208376 -0.2216316964415774 -0.39435496024769234 
0.49910339078413296 -0.44433062020934944 -0.9037943467209466 -0.3708560597603371 -1.0322209288454351 -0.39235851027351115 
-0.49823978412500863 -0.4561361213962245 1.3881799082413055 0.022844344441331373 0.5889575359622797 -0.394354960290244 
-0.5318977158142403 -1.0290619507108403 0.19470897891733868 -0.6464463427015049 -0.19779083666499345 3.8755435673805767 
-0.4459549351200256 -0.3429544476231524 -0.15490588213572337 -0.6070763022813381 -0.436199434430834 -0.2345562979733016 
-0.07950343235942724 -0.03705886877945406 -0.5636038562225909 -0.2527459384998365 -0.018984388340613452 -0.39435495834912937 
0.604069076026997 0.09632015436104532 -0.20713763324887238 1.2039455570463367 1.3280241890363849 -0.2105436689179286 
0.17227976569068307 -0.47719480820116356 -0.6747286865482184 0.849615193264835 0.8869682831695801 4.274588888948582 
-0.49838867815614024 0.21411036649987447 -0.42035980625359237 1.7944961633488394 1.8286822443446498 -0.3943547750728273 
2.1582645339290365 -0.029782764945407016 -0.7313521423259167 0.613394950743834 0.5651166761856962 -0.3943549603284302 
-0.5269769530463349 -0.022729204464889723 -0.4141630776693182 -0.44959614060067077 -0.042825248117197234 1.1080088869146676 
0.07523610187616916 -0.028754874350188277 -0.23987404211469002 -0.2133758980796697 0.10021991054230697 -0.39435495938151466 
-0.5318977158142403 -0.023132348047373137 0.995496443500281 -0.8039265043821724 -0.09050696767036531 0.005656417108249529 
-0.5144690959024002 -0.241758789084022 0.20268968520135042 -0.6464463427015049 -0.24547255621816153 3.369663345708164 
-0.4894979129186915 -0.2363174465860161 -0.18148470840770992 -0.5283362214410044 -0.15010911711182537 3.8305491327370724 
-0.5025616877571161 -0.23539003921622492 0.7919169738168075 -0.17400585765950285 0.4101510876378996 -0.16658288125763077 
-0.5318977158142403 -0.10850850813284246 -0.6910197514265348 -0.8039265043821724 -0.11434782744694937 -0.39435494657586845 
-0.5318977158142403 -1.0290619507108403 3.2799080118794124 0.022844344441331373 0.6843209750686159 -0.3929467953006535 
-0.08160221183375853 0.01422301811792252 -0.7227698839267206 -0.29211597892000335 0.08829948065401501 -0.3943549593255244 
1.307192434559294 -0.9027840839804903 -0.278756136209716 3.5267779418361807 -5.43085955762519 -0.39409444850317726 
-0.5118128338087152 -0.9164031767050462 -0.006978217819854248 -0.5283362214410044 -0.5196424436488779 -0.3943549572754517 
-0.520775806104802 -0.9378179587024602 1.3013263718961008 0.1409544657018319 0.696241404956908 -0.3943549601857175 
-0.21321010761968223 0.481247963619405 -0.5054238436970557 0.8102451528446682 0.660480115292032 -0.3935174871549866 
-0.38144186013675413 0.5451573442960967 -0.5194114021045412 -0.016525695978835468 0.06445862087743107 -0.3936804789741794 
-0.5318977158142403 -0.44416956952011727 -0.9072397764171523 -0.5677062618611712 0.052538190989138915 -0.3943549603490223 
-0.5318977158142403 -1.0290619507108403 -0.9504837814152757 -0.7645564639620055 -0.18587040677670147 4.344388646648839 
-0.5318977158142403 -1.0290619507108403 0.4878494283049183 -0.05589573639900231 0.5770371060739877 -0.39435495790517755 
-0.5318977158142403 -1.0290619507108403 -0.28021391286728586 -0.8039265043821724 -0.3169951355479137 -0.3615008186016031 
-0.5318977158142403 -1.0290619507108403 2.9414766684158375 -0.8039265043821724 -0.17394997688840946 -0.3942548161955359 
-0.5011739492485782 4.062021675966423 -0.2064325189475629 -0.4102261001805039 0.23134463931351923 -0.3943549603451985 
-0.48276083542761544 4.062021675966423 0.4152867721618219 0.10158442528166506 0.64855968540374 -0.39418304817645416 
-0.3984797540852077 0.19541174146042628 0.5827127594272841 -0.44959614060067077 -0.59116502297863 -0.39434196051758424 
-0.5318977158142403 -1.0290619507108403 -0.40993371893873215 -0.5283362214410044 0.18366291976035112 -0.3943545215664962 
-0.5277132916133286 0.21875969965689593 1.186278818492002 -0.134635817239336 0.35054893819643934 -0.3943549602175464 
-0.27943379858881745 0.8644376819855607 -0.8814169822057735 1.0858354357858362 1.339944618924677 -0.27832940408090245 
-0.508161658983708 1.0289279825955782 0.7370009535750576 -0.016525695978835468 0.38631022786131564 -0.34398090199742565 
-0.06278791356773819 0.28965215107680187 -0.4648377887367523 -0.05589573639900231 0.18366291976035082 -0.39435496034949197 
0.035196678931632586 -0.8052194380609736 1.329251456434516 -0.016525695978835468 0.5889575359622797 -0.39435495454730435 
-0.07923001082558162 -0.8005377452395241 0.06744169775831176 -0.8039265043821724 -0.6626876023083822 -0.39435495136686294 
-0.2618705719646539 -0.8005377452395241 -0.8540927272334712 0.4165447486429998 0.33862850830814717 -0.3943549538600659 
-0.5075760488405171 -0.8135073443339474 1.8027178701319195 0.06221438486149822 0.6724005451803239 -0.3937572950806341 
-0.5318977158142403 -0.5212081806434131 -0.9504837814152757 -0.7251864235418386 -0.2693134159947456 -0.39284379806890135 
0.7469649185127238 -0.5256490016574543 -0.9200020467687647 0.7708751124245014 0.9942521521642083 -0.3186393087196386 
-0.46737451191083595 -0.5256490016574543 -0.8825289164182247 0.18032450612199874 0.4101510876378994 1.0640460037290296 
-0.5298453634400229 -0.5208634073842416 -0.589087453930958 -0.7251864235418386 -0.29315427577132963 -0.37799169998395515 
-0.5318977158142403 -0.5212081806434131 -0.9504837814152757 -0.7251864235418386 -0.2693134159947456 -0.3943549603441327 
0.5505311042522325 -0.5212171396360495 -0.47009170976273473 0.06221438486149822 -1.2944703863878593 3.2218699072516994 
-0.5318977158142403 -0.5212081806434131 -0.9504837814152757 -0.7251864235418386 -0.2693134159947456 -0.3943549590601516 
0.6000591885610476 -0.7321546945290334 1.36470005256201 -0.6070763022813381 -0.6984488919732584 -0.39435488612967445 
-0.5299021051654652 -0.5208634073842416 -0.20915798144744463 -0.6858163831216718 -0.3289155654362057 -0.3943549603475016 
-0.5318977158142403 -0.5212081806434131 -0.9504837814152757 -0.7251864235418386 -0.2693134159947456 -0.3943548974626615 
1.5818433580825249 -0.5212171396360495 0.6731136032375348 -0.8039265043821724 -0.5315628735371699 1.8670494507874047 
-0.5300968067972253 -0.5082294663517032 1.0387404484984042 -0.5677062618611712 -0.46004029420741793 -0.3261592887565586 
-0.5318977158142403 -0.5212081806434131 -0.9504837814152757 -0.7251864235418386 -0.2693134159947456 -0.3700293526067753 
-0.5318977158142403 -0.5212081806434131 -0.9504837814152757 -0.7251864235418386 -0.2693134159947456 -0.39435496030719125 
0.7289561489006915 -0.6018991041509183 -0.1928681017366131 0.10158442528166506 -1.6640037129249114 2.2516835471965213 
4.181521348829905 1.1243431664187542 -0.8836029588109787 2.2275666079706746 -0.3408359953244982 -0.39435157422953926 
0.15030364840868454 1.030592967960672 -0.7315139236058864 3.0149674163740117 0.8273661337281208 -0.39435495694381506 
0.6920531708798209 1.177171372266252 -0.8973552733867333 3.054337456794179 0.5770371060739881 1.045752109670894 
1.9417889090388776 0.9918839520443734 -0.8828778807243522 2.54252693133201 0.2790263588666873 -0.39302394018041537 
-0.16348183185317564 -0.11703937230983545 -0.3176708883992575 -0.7645564639620055 -0.567324163202046 -0.39435496034835416 
-0.36078579199039645 -0.5801557553670271 -0.13474459622340085 -0.7251864235418386 -0.09050696767036531 -0.3943549602431386 
-0.5318977158142403 0.20107140723367692 -0.44296348302478156 0.6527649911640009 0.8869682831695801 -0.39435495957585087 
1.6692629393456757 0.14827147080127545 -0.6713581130462242 2.2669366483908413 1.7094779454617293 1.2506588533291034 
0.9828215151121132 0.7260726791591662 -0.8339553988343099 1.9913463654496735 1.554512356913933 -0.3757548505713355 
0.45487566598122153 -0.10865060344041783 -0.6790789870670922 -0.7251864235418386 -1.1037435081751874 -0.39435487664632185 
-0.5318977158142403 -0.365444324839441 -0.4315557214377939 -0.8432965448023392 -0.16202954700011743 -0.3353583407012216 
1.0358054554767622 -0.04890985306934957 -0.41222819429930874 -0.5677062618611712 -0.5315628735371701 -0.3943549598611229 
-0.03417374163032921 -0.7118693013408757 -0.24323825153394246 -0.4102261001805039 -0.8772553402976387 -0.3943549603491888 
1.2119917530200535 0.2415070828610362 -0.8505296219438641 0.10158442528166506 -0.2693134159947456 2.751570088834053 
0.2195618607845415 -0.5325126496443346 -0.7158052921775778 0.18032450612199874 -1.5447994140419914 -0.3943266568648849 
-0.512626084273515 -0.5324390731598444 -0.9076158112432229 -0.8039265043821724 -0.4242790045425418 -0.3508937740471672 
-0.45765574600143777 -0.7347095810848124 -0.11979256210580903 0.022844344441331373 0.38631022786131547 2.3820793421713065 
0.3885518715666214 -0.7118693013408757 -0.6940410666720287 0.613394950743834 -2.0931391889034248 -0.39432601229747544 
-0.5318977158142403 -0.2400982282039345 1.644156518472133 -0.7645564639620055 -0.1977908366649935 -0.39435496034868067 
-0.16383537343050456 -0.1627621955342271 -0.12812877974474773 0.10158442528166506 0.19558334964864313 -0.394354960322945 
-0.5318977158142403 0.33101836396714457 -0.45008886643698975 -0.8039265043821724 -0.23355212632986955 -0.3943549601302722 
-0.4567389048442611 -0.6863374715340753 -0.7228820864874689 -0.7645564639620055 -0.5554037333137543 -0.39435495923929387 
-0.5318977158142403 -1.0229324130508826 -0.9504837814152757 -0.8039265043821724 -0.16202954700011743 -0.39435496027515854 
0.13884403284429636 3.1359592509633583 1.3706892129751067 -0.6070763022813381 -0.1024273975586573 -0.3940302830489711 
-0.5318977158142403 4.410341919066515 -0.17209169144905298 -0.6858163831216718 0.040617761100846896 -0.39435496034860057 
-0.2803446083336329 0.04070527476248523 -0.34666852791422786 -0.09526577681916916 0.05253819098913875 2.5861431030994027 
4.382855282025227 0.7070650373572864 -0.9145831795079216 1.9519763250295068 1.5306714971373496 -0.3932445803165237 
0.001515782062213692 0.12131528344698396 -0.1549534237339537 -0.29211597892000335 -0.23355212632986938 -0.39331452356314905 
1.6585737638943074 -0.15045617618719853 0.2941956617790499 0.5346548699035003 1.0419338717173765 -0.39435496030851847 
-0.14646780434833456 -0.2484973321536303 -0.25721120722792834 -0.6858163831216718 -0.9368574897390991 -0.3943382235194423 
-0.34158131208138137 1.9953310380567322 0.5058247194412621 -0.44959614060067077 -0.7342101816381343 0.5724345877817891 
0.9901394412507522 1.8960674408787614 -0.5960136467018718 3.5267779418361807 2.1982155708817026 -0.3943531380518334 
-0.1537633142486803 1.7690182755058628 -0.8319723798931726 4.077958507718517 2.9849639435089763 3.663592765168602 
-0.5318977158142403 1.8203108396818202 -0.8427205479953318 3.999218426878183 2.8299983549611794 -0.3943549603490454 
1.0662607698721203 0.12665272462683172 -0.22248688953378792 1.7944961633488394 1.8167618144563575 3.403103184686621 
0.29999906656197006 0.20400247630832424 -0.4224987850781659 -0.2527459384998365 -0.11434782744694962 -0.3921041776292203 
-0.5318977158142403 -0.2835637221556883 -0.8970227862252879 -0.6070763022813381 0.028697331212554876 -0.3943549603486819 
-0.3503028777203359 0.012305449346917527 0.5604756283009762 0.5346548699035003 0.9465704326110403 -0.39426064136720346 
-0.5318977158142403 0.02011016640872086 -0.5380629840975077 -0.29211597892000335 0.2671059289783953 -0.1019601557987547 
-0.3084516434846597 0.3301319328645367 -0.9080967566000359 -0.5283362214410044 -1.2587090967229835 0.16151982452695257 
-0.09193564451623104 0.3243871213139446 -0.9441420048891113 1.0070953549455024 1.2922628993715088 -0.3943549603311935 
-0.5318977158142403 -0.02815353484105979 -0.5483011466958858 -0.7645564639620055 -0.23355212632986955 -0.39435496024746014 
0.7624375378066017 0.7656694555589676 1.3679580560591262 1.9913463654496735 -3.869283242258936 1.3139821616553726 
-0.5211419712258594 -0.25644296468452815 0.17877444001299436 0.022844344441331373 0.5651166761856958 -0.39434709235608895 
-0.30297202339015056 -0.9098951013855824 0.23012623496407514 0.2590645869623324 0.7558435543983681 -0.3769254013244189 
-0.5062841232956854 -0.7990130200078399 0.7792764185096634 -0.3708560597603371 0.21942420942522725 -0.39435496034519946 
-0.1892797004962668 -0.42372583777733325 0.24462326580559157 1.2039455570463367 1.733318805238314 -0.39433615144133927 
0.217717882842509 -0.2733344336225301 -0.2723517973326149 -0.6070763022813381 -0.38851771487766606 1.198705815418838 
0.711301421368358 0.5177723202120991 -0.1969780147755444 -0.3708560597603371 -0.38851771487766606 -0.3898417016126986 
-0.5318977158142403 -0.24410468563393584 -0.6292426014292156 -0.7251864235418386 -0.06666610789378127 -0.3943549603490118 
-0.4909592719882764 -0.03305386059701737 -0.057471317761719196 0.613394950743834 1.0776951613822525 -0.3943549603493205 
0.5874267010545515 1.5590807359676349 -0.8587229124523118 4.235438669399184 3.4737015689289477 -0.14479758761125364 
-0.5318977158142403 -1.0290619507108403 0.2305106825875306 -0.7645564639620055 -0.436199434430834 -0.39435496034949197 
0.16690366608023696 -0.18416571282242775 -0.7731986972505722 -0.44959614060067077 -0.4004381447659577 -0.16102998991393835 
0.4343380479411554 -0.20919952558995675 -0.8010772183179851 0.4165447486429998 0.5293553865208198 1.2925878548503853 
-0.5318977158142403 -1.0290619507108403 3.171543295992061 0.18032450612199874 0.8035252739515361 -0.3915861524511086 
-0.40183206864843635 0.3804692726779552 -0.7584922398783617 0.9677253145253356 0.7916048440632443 -0.3943549603457473 
-0.5318977158142403 3.0941061080296097 2.719078928425488 -0.3314860193401702 0.3505489381964394 -0.3943549603466983 
-0.5318977158142403 0.6213095165186824 -0.9340598003749713 1.5189058804076714 1.1968994602651728 -0.39435496034885936 
-0.5207471842226186 -0.2266114165022811 -0.02992921347951341 -0.5677062618611712 -0.07858653778207333 -0.39435471041144554 
0.6309602596847281 -0.07566701855955771 -0.7772000928686262 1.2826856378866704 0.910809142946164 -0.39435496034814066 
-0.48821155619945394 0.15597620016445227 -0.5448138297662125 -0.6464463427015049 -0.15010911711182537 -0.39435496034949197 
-0.4571300102631809 0.23460807555887475 -0.6045317414302879 -0.6858163831216718 -0.3527564252127897 -0.3938242225258271 
0.3750924762481511 1.2841071017740782 -0.6328814900857854 1.7157560825085056 1.7333188052383137 -0.38962201859921664 
5.4320500181220295 1.0004725885116261 -0.9027049712574454 3.6055180226765144 1.8286822443446498 -0.39435496018954475 
0.9754883916731578 -0.9777484516966334 -0.33015314641023435 -0.29211597892000335 -0.09050696767036531 -0.030396248731376283 
-0.5318977158142403 0.48749914969014896 -0.3536139574886069 0.06221438486149822 0.4578328071910675 -0.39435496034390705 
7.333212154726075 1.5075244254445452 -0.9362038607034507 5.259059720323521 3.7597918862479562 3.078655820119014 
-0.5186103218407632 0.5229297396800794 2.2338474957192718 -0.05589573639900231 0.5889575359622797 -0.3943549603304843 
-0.5128004777280041 0.05142398965838183 1.2216008124904694 -0.05589573639900231 0.5412758164091117 -0.39435485206705295 
-0.5262930059744098 0.3833890576919098 1.7385070748316753 -0.44959614060067077 0.25518549909010324 -0.3190767292739041 
0.9490244474029981 -0.199323111699345 -0.5173454270660439 0.1409544657018319 -0.17394997688840982 0.45333471446218476 
0.8777596728891499 0.5787539237454239 -0.9359364973009492 1.6763860420883387 1.1611381706002963 -0.26316913225560445 
0.0027662044848196315 0.6927629077257167 -0.6551575706489955 2.54252693133201 1.757159665014898 -0.3943549602930497 
1.2514520131475455 0.40982925302234385 -0.6629538832799611 1.0070953549455024 0.42207151752619104 -0.3943549603243276 
-0.5318977158142403 -1.0290619507108403 -0.8898010517908694 -0.2133758980796697 0.35054893819643934 0.5632112182379555 
0.5303506028061572 -0.2985799992329775 -0.7329331716554852 -0.6464463427015049 -0.579244593090338 0.40115330648178843 
-0.5318977158142403 -1.0290619507108403 0.050306048541296215 -0.4102261001805039 0.18366291976035115 -0.3943549603475317 
-0.44568676850615613 -0.4488453226749957 -0.6074909965175721 -0.3314860193401702 -0.4004381447659577 2.0506949886723627 
-0.23405651718793058 1.2558950530409598 -0.3887869252858036 -0.09526577681916916 0.33862850830814734 -0.3933220617115934 
0.16812826458739757 2.8376686078726334 0.5497883465309857 -0.3708560597603371 -1.056061788622019 -0.3943549586693546 
