0.97 0.9 1.0 1.0 0.9473684210526316
0.87 0.8 0.7741935483870968 0.9 0.7868852459016393
0.87 0.7333333333333333 0.8148148148148148 0.9285714285714286 0.7719298245614035
0.86 0.7333333333333333 0.7857142857142857 0.9142857142857143 0.7586206896551724
0.8 0.7333333333333333 0.6470588235294118 0.8285714285714286 0.6875
0.84 0.7666666666666667 0.71875 0.8714285714285714 0.7419354838709677
0.83 0.7333333333333333 0.7096774193548387 0.8714285714285714 0.7213114754098361
0.88 0.8666666666666667 0.7647058823529411 0.8857142857142857 0.8125
0.89 0.7666666666666667 0.8518518518518519 0.9428571428571428 0.8070175438596491
0.88 0.8 0.8 0.9142857142857143 0.8000000000000002
