0.99 0.975 1.0 1.0 0.9873417721518987
0.79 0.7 0.7567567567567568 0.85 0.7272727272727273
0.85 0.9 0.7659574468085106 0.8166666666666667 0.8275862068965516
0.83 0.8 0.7804878048780488 0.85 0.7901234567901235
0.79 0.8 0.7111111111111111 0.7833333333333333 0.7529411764705882
0.84 0.7 0.875 0.9333333333333333 0.7777777777777777
0.81 0.75 0.7692307692307693 0.85 0.7594936708860761
0.87 0.8 0.8648648648648649 0.9166666666666666 0.8311688311688312
0.79 0.8 0.7111111111111111 0.7833333333333333 0.7529411764705882
0.77 0.75 0.6976744186046512 0.7833333333333333 0.7228915662650603
