0.94 0.8666666666666667 0.9285714285714286 0.9714285714285714 0.896551724137931
0.79 0.5333333333333333 0.6956521739130435 0.9 0.6037735849056605
0.84 0.5333333333333333 0.8888888888888888 0.9714285714285714 0.6666666666666667
0.83 0.6333333333333333 0.76 0.9142857142857143 0.6909090909090909
0.67 0.3333333333333333 0.43478260869565216 0.8142857142857143 0.3773584905660377
0.75 0.36666666666666664 0.6470588235294118 0.9142857142857143 0.46808510638297873
0.76 0.43333333333333335 0.65 0.9 0.5199999999999999
0.81 0.5333333333333333 0.7619047619047619 0.9285714285714286 0.6274509803921569
0.81 0.6 0.72 0.9 0.6545454545454547
0.77 0.4666666666666667 0.6666666666666666 0.9 0.5490196078431373
0.8 0.4666666666666667 0.7777777777777778 0.9428571428571428 0.5833333333333334
0.81 0.5333333333333333 0.7619047619047619 0.9285714285714286 0.6274509803921569
0.84 0.5333333333333333 0.8888888888888888 0.9714285714285714 0.6666666666666667
0.77 0.5666666666666667 0.6296296296296297 0.8571428571428571 0.5964912280701755
0.74 0.43333333333333335 0.5909090909090909 0.8714285714285714 0.5
0.83 0.5 0.8823529411764706 0.9714285714285714 0.6382978723404256
0.83 0.6 0.782608695652174 0.9285714285714286 0.6792452830188679
0.88 0.6333333333333333 0.95 0.9857142857142858 0.7599999999999999
0.81 0.5333333333333333 0.7619047619047619 0.9285714285714286 0.6274509803921569
0.85 0.6 0.8571428571428571 0.9571428571428572 0.7058823529411764
0.79 0.4666666666666667 0.7368421052631579 0.9285714285714286 0.5714285714285714
0.82 0.5333333333333333 0.8 0.9428571428571428 0.64
0.85 0.5333333333333333 0.9411764705882353 0.9857142857142858 0.6808510638297872
0.76 0.43333333333333335 0.65 0.9 0.5199999999999999
0.8 0.43333333333333335 0.8125 0.9571428571428572 0.5652173913043479
0.78 0.5 0.6818181818181818 0.9 0.576923076923077
0.83 0.6 0.782608695652174 0.9285714285714286 0.6792452830188679
0.79 0.5333333333333333 0.6956521739130435 0.9 0.6037735849056605
0.79 0.4666666666666667 0.7368421052631579 0.9285714285714286 0.5714285714285714
0.75 0.4666666666666667 0.6086956521739131 0.8714285714285714 0.5283018867924527
0.82 0.5 0.8333333333333334 0.9571428571428572 0.625
0.82 0.5333333333333333 0.8 0.9428571428571428 0.64
0.79 0.5333333333333333 0.6956521739130435 0.9 0.6037735849056605
0.83 0.5666666666666667 0.8095238095238095 0.9428571428571428 0.6666666666666666
0.81 0.5333333333333333 0.7619047619047619 0.9285714285714286 0.6274509803921569
0.77 0.4666666666666667 0.6666666666666666 0.9 0.5490196078431373
0.82 0.5 0.8333333333333334 0.9571428571428572 0.625
0.74 0.36666666666666664 0.6111111111111112 0.9 0.45833333333333326
0.74 0.4 0.6 0.8857142857142857 0.48
0.78 0.5666666666666667 0.6538461538461539 0.8714285714285714 0.6071428571428571
0.87 0.6666666666666666 0.8695652173913043 0.9571428571428572 0.7547169811320754
0.75 0.5 0.6 0.8571428571428571 0.5454545454545454
0.78 0.4666666666666667 0.7 0.9142857142857143 0.56
0.8 0.4666666666666667 0.7777777777777778 0.9428571428571428 0.5833333333333334
0.84 0.6333333333333333 0.7916666666666666 0.9285714285714286 0.7037037037037038
0.83 0.5 0.8823529411764706 0.9714285714285714 0.6382978723404256
0.82 0.5333333333333333 0.8 0.9428571428571428 0.64
0.77 0.43333333333333335 0.6842105263157895 0.9142857142857143 0.5306122448979592
0.83 0.6333333333333333 0.76 0.9142857142857143 0.6909090909090909
0.82 0.4666666666666667 0.875 0.9714285714285714 0.608695652173913
0.81 0.5333333333333333 0.7619047619047619 0.9285714285714286 0.6274509803921569
0.8 0.4666666666666667 0.7777777777777778 0.9428571428571428 0.5833333333333334
0.84 0.5333333333333333 0.8888888888888888 0.9714285714285714 0.6666666666666667
0.78 0.4 0.75 0.9428571428571428 0.5217391304347827
0.85 0.5666666666666667 0.8947368421052632 0.9714285714285714 0.6938775510204083
0.85 0.6 0.8571428571428571 0.9571428571428572 0.7058823529411764
0.74 0.36666666666666664 0.6111111111111112 0.9 0.45833333333333326
0.78 0.5 0.6818181818181818 0.9 0.576923076923077
0.7 0.3 0.5 0.8714285714285714 0.37499999999999994
0.77 0.5333333333333333 0.64 0.8714285714285714 0.5818181818181818
0.73 0.4666666666666667 0.56 0.8428571428571429 0.509090909090909
0.73 0.36666666666666664 0.5789473684210527 0.8857142857142857 0.44897959183673464
0.83 0.5666666666666667 0.8095238095238095 0.9428571428571428 0.6666666666666666
0.84 0.5666666666666667 0.85 0.9571428571428572 0.68
0.85 0.6 0.8571428571428571 0.9571428571428572 0.7058823529411764
0.81 0.5 0.7894736842105263 0.9428571428571428 0.6122448979591837
0.8 0.5333333333333333 0.7272727272727273 0.9142857142857143 0.6153846153846153
0.76 0.4 0.6666666666666666 0.9142857142857143 0.5
0.8 0.43333333333333335 0.8125 0.9571428571428572 0.5652173913043479
0.79 0.4666666666666667 0.7368421052631579 0.9285714285714286 0.5714285714285714
0.83 0.6 0.782608695652174 0.9285714285714286 0.6792452830188679
0.8 0.5 0.75 0.9285714285714286 0.6
0.79 0.5 0.7142857142857143 0.9142857142857143 0.588235294117647
0.8 0.5333333333333333 0.7272727272727273 0.9142857142857143 0.6153846153846153
0.8 0.4666666666666667 0.7777777777777778 0.9428571428571428 0.5833333333333334
0.79 0.4666666666666667 0.7368421052631579 0.9285714285714286 0.5714285714285714
0.77 0.4666666666666667 0.6666666666666666 0.9 0.5490196078431373
0.82 0.5333333333333333 0.8 0.9428571428571428 0.64
0.77 0.4666666666666667 0.6666666666666666 0.9 0.5490196078431373
0.79 0.5333333333333333 0.6956521739130435 0.9 0.6037735849056605
0.81 0.5 0.7894736842105263 0.9428571428571428 0.6122448979591837
0.79 0.4666666666666667 0.7368421052631579 0.9285714285714286 0.5714285714285714
0.8 0.5 0.75 0.9285714285714286 0.6
0.83 0.5 0.8823529411764706 0.9714285714285714 0.6382978723404256
0.78 0.4666666666666667 0.7 0.9142857142857143 0.56
0.83 0.5666666666666667 0.8095238095238095 0.9428571428571428 0.6666666666666666
0.78 0.43333333333333335 0.7222222222222222 0.9285714285714286 0.5416666666666666
0.78 0.6 0.6428571428571429 0.8571428571428571 0.6206896551724138
0.84 0.5666666666666667 0.85 0.9571428571428572 0.68
0.78 0.4666666666666667 0.7 0.9142857142857143 0.56
0.77 0.43333333333333335 0.6842105263157895 0.9142857142857143 0.5306122448979592
0.8 0.5 0.75 0.9285714285714286 0.6
0.79 0.4666666666666667 0.7368421052631579 0.9285714285714286 0.5714285714285714
0.77 0.4666666666666667 0.6666666666666666 0.9 0.5490196078431373
0.8 0.4666666666666667 0.7777777777777778 0.9428571428571428 0.5833333333333334
0.79 0.5 0.7142857142857143 0.9142857142857143 0.588235294117647
0.78 0.5 0.6818181818181818 0.9 0.576923076923077
0.81 0.4666666666666667 0.8235294117647058 0.9571428571428572 0.5957446808510638
0.78 0.4666666666666667 0.7 0.9142857142857143 0.56
0.8 0.5333333333333333 0.7272727272727273 0.9142857142857143 0.6153846153846153
