1.0 1.0 1.0 1.0 1.0
1.0 1.0 1.0 1.0 1.0
0.98 0.9666666666666667 0.9666666666666667 0.9857142857142858 0.9666666666666667
0.99 0.9666666666666667 1.0 1.0 0.983050847457627
0.99 0.9666666666666667 1.0 1.0 0.983050847457627
1.0 1.0 1.0 1.0 1.0
0.99 0.9666666666666667 1.0 1.0 0.983050847457627
1.0 1.0 1.0 1.0 1.0
1.0 1.0 1.0 1.0 1.0
1.0 1.0 1.0 1.0 1.0
0.99 0.9666666666666667 1.0 1.0 0.983050847457627
0.99 0.9666666666666667 1.0 1.0 0.983050847457627
0.98 0.9333333333333333 1.0 1.0 0.9655172413793104
0.99 0.9666666666666667 1.0 1.0 0.983050847457627
1.0 1.0 1.0 1.0 1.0
0.99 0.9666666666666667 1.0 1.0 0.983050847457627
1.0 1.0 1.0 1.0 1.0
0.98 0.9333333333333333 1.0 1.0 0.9655172413793104
1.0 1.0 1.0 1.0 1.0
0.98 0.9333333333333333 1.0 1.0 0.9655172413793104
0.99 0.9666666666666667 1.0 1.0 0.983050847457627
1.0 1.0 1.0 1.0 1.0
0.99 0.9666666666666667 1.0 1.0 0.983050847457627
0.99 0.9666666666666667 1.0 1.0 0.983050847457627
1.0 1.0 1.0 1.0 1.0
1.0 1.0 1.0 1.0 1.0
0.99 0.9666666666666667 1.0 1.0 0.983050847457627
1.0 1.0 1.0 1.0 1.0
0.99 0.9666666666666667 1.0 1.0 0.983050847457627
0.98 0.9333333333333333 1.0 1.0 0.9655172413793104
1.0 1.0 1.0 1.0 1.0
0.99 0.9666666666666667 1.0 1.0 0.983050847457627
0.99 0.9666666666666667 1.0 1.0 0.983050847457627
0.98 0.9333333333333333 1.0 1.0 0.9655172413793104
1.0 1.0 1.0 1.0 1.0
0.99 0.9666666666666667 1.0 1.0 0.983050847457627
0.99 0.9666666666666667 1.0 1.0 0.983050847457627
0.99 0.9666666666666667 1.0 1.0 0.983050847457627
1.0 1.0 1.0 1.0 1.0
0.99 0.9666666666666667 1.0 1.0 0.983050847457627
0.99 0.9666666666666667 1.0 1.0 0.983050847457627
0.97 0.9 1.0 1.0 0.9473684210526316
0.99 0.9666666666666667 1.0 1.0 0.983050847457627
1.0 1.0 1.0 1.0 1.0
0.99 0.9666666666666667 1.0 1.0 0.983050847457627
1.0 1.0 1.0 1.0 1.0
1.0 1.0 1.0 1.0 1.0
0.99 0.9666666666666667 1.0 1.0 0.983050847457627
1.0 1.0 1.0 1.0 1.0
1.0 1.0 1.0 1.0 1.0
0.98 0.9666666666666667 0.9666666666666667 0.9857142857142858 0.9666666666666667
0.99 0.9666666666666667 1.0 1.0 0.983050847457627
0.97 0.9 1.0 1.0 0.9473684210526316
0.99 0.9666666666666667 1.0 1.0 0.983050847457627
1.0 1.0 1.0 1.0 1.0
1.0 1.0 1.0 1.0 1.0
0.99 0.9666666666666667 1.0 1.0 0.983050847457627
0.99 0.9666666666666667 1.0 1.0 0.983050847457627
0.95 0.8666666666666667 0.9629629629629629 0.9857142857142858 0.912280701754386
1.0 1.0 1.0 1.0 1.0
0.97 0.9 1.0 1.0 0.9473684210526316
0.99 0.9666666666666667 1.0 1.0 0.983050847457627
0.99 0.9666666666666667 1.0 1.0 0.983050847457627
0.99 0.9666666666666667 1.0 1.0 0.983050847457627
0.98 0.9333333333333333 1.0 1.0 0.9655172413793104
0.98 0.9333333333333333 1.0 1.0 0.9655172413793104
0.97 0.9 1.0 1.0 0.9473684210526316
0.99 0.9666666666666667 1.0 1.0 0.983050847457627
0.99 0.9666666666666667 1.0 1.0 0.983050847457627
0.99 0.9666666666666667 1.0 1.0 0.983050847457627
0.99 0.9666666666666667 1.0 1.0 0.983050847457627
1.0 1.0 1.0 1.0 1.0
1.0 1.0 1.0 1.0 1.0
1.0 1.0 1.0 1.0 1.0
0.99 0.9666666666666667 1.0 1.0 0.983050847457627
1.0 1.0 1.0 1.0 1.0
0.99 0.9666666666666667 1.0 1.0 0.983050847457627
0.98 0.9333333333333333 1.0 1.0 0.9655172413793104
1.0 1.0 1.0 1.0 1.0
0.98 0.9333333333333333 1.0 1.0 0.9655172413793104
0.99 0.9666666666666667 1.0 1.0 0.983050847457627
0.99 0.9666666666666667 1.0 1.0 0.983050847457627
1.0 1.0 1.0 1.0 1.0
0.99 0.9666666666666667 1.0 1.0 0.983050847457627
0.99 0.9666666666666667 1.0 1.0 0.983050847457627
0.99 0.9666666666666667 1.0 1.0 0.983050847457627
0.99 0.9666666666666667 1.0 1.0 0.983050847457627
0.99 0.9666666666666667 1.0 1.0 0.983050847457627
0.98 0.9666666666666667 0.9666666666666667 0.9857142857142858 0.9666666666666667
0.97 0.9333333333333333 0.9655172413793104 0.9857142857142858 0.9491525423728815
0.98 0.9333333333333333 1.0 1.0 0.9655172413793104
0.97 0.9 1.0 1.0 0.9473684210526316
0.99 0.9666666666666667 1.0 1.0 0.983050847457627
0.99 0.9666666666666667 1.0 1.0 0.983050847457627
0.98 0.9333333333333333 1.0 1.0 0.9655172413793104
1.0 1.0 1.0 1.0 1.0
0.98 0.9333333333333333 1.0 1.0 0.9655172413793104
0.99 0.9666666666666667 1.0 1.0 0.983050847457627
1.0 1.0 1.0 1.0 1.0
1.0 1.0 1.0 1.0 1.0
