0.95 0.8666666666666667 0.9629629629629629 0.9857142857142858 0.912280701754386
0.87 0.6333333333333333 0.9047619047619048 0.9714285714285714 0.7450980392156863
0.85 0.6333333333333333 0.8260869565217391 0.9428571428571428 0.7169811320754716
0.76 0.36666666666666664 0.6875 0.9285714285714286 0.47826086956521735
0.79 0.4666666666666667 0.7368421052631579 0.9285714285714286 0.5714285714285714
0.76 0.36666666666666664 0.6875 0.9285714285714286 0.47826086956521735
0.81 0.4666666666666667 0.8235294117647058 0.9571428571428572 0.5957446808510638
0.82 0.5 0.8333333333333334 0.9571428571428572 0.625
0.75 0.43333333333333335 0.6190476190476191 0.8857142857142857 0.5098039215686274
0.83 0.5333333333333333 0.8421052631578947 0.9571428571428572 0.653061224489796
