0.94 0.925 0.925 0.95 0.925
0.72 0.575 0.6764705882352942 0.8166666666666667 0.6216216216216216
0.71 0.45 0.72 0.8833333333333333 0.5538461538461539
0.69 0.55 0.6285714285714286 0.7833333333333333 0.5866666666666667
0.75 0.575 0.7419354838709677 0.8666666666666667 0.6478873239436619
0.7 0.55 0.6470588235294118 0.8 0.5945945945945946
0.79 0.625 0.8064516129032258 0.9 0.7042253521126761
0.73 0.5 0.7407407407407407 0.8833333333333333 0.5970149253731343
0.79 0.575 0.8518518518518519 0.9333333333333333 0.6865671641791045
0.71 0.65 0.6341463414634146 0.75 0.6419753086419754
