0
2
5
6
8
10
13
14
18
19
20
22
23
24
27
28
29
33
34
43
44
47
48
49
51
57
60
61
62
63
64
65
66
67
71
74
76
79
82
83
90
95
97
98
99
105
107
109
110
111
112
114
115
118
124
125
129
136
139
140
141
147
148
149
150
151
154
158
159
160
164
168
172
173
177
180
182
184
185
187
188
192
194
195
200
204
207
214
215
216
218
222
224
225
228
230
232
236
238
244
245
247
252
255
256
259
260
263
264
265
267
268
277
279
280
281
285
288
289
290
292
294
297
298
300
301
313
315
316
317
320
323
326
332
333
335
336
338
343
346
348
350
357
358
364
365
371
373
376
382
387
390
392
394
395
396
399
402
403
404
409
410
411
412
413
417
418
419
424
425
427
431
436
438
442
446
448
451
453
455
456
457
461
463
464
465
466
467
468
469
472
473
474
475
476
477
480
484
