0.98 0.9333333333333333 1.0 1.0 0.9655172413793104
0.69 0.4666666666666667 0.4827586206896552 0.7857142857142857 0.47457627118644075
0.65 0.26666666666666666 0.38095238095238093 0.8142857142857143 0.3137254901960784
0.65 0.16666666666666666 0.3333333333333333 0.8571428571428571 0.2222222222222222
0.62 0.2 0.3 0.8 0.24
0.71 0.36666666666666664 0.5238095238095238 0.8571428571428571 0.4313725490196078
0.7 0.5 0.5 0.7857142857142857 0.5
0.72 0.4666666666666667 0.5384615384615384 0.8285714285714286 0.5
0.65 0.3 0.391304347826087 0.8 0.33962264150943394
0.63 0.26666666666666666 0.34782608695652173 0.7857142857142857 0.30188679245283023
