0.94 0.875 0.9722222222222222 0.9833333333333333 0.9210526315789473
0.57 0.4 0.45714285714285713 0.6833333333333333 0.42666666666666664
0.61 0.425 0.5151515151515151 0.7333333333333333 0.4657534246575342
0.6 0.375 0.5 0.75 0.42857142857142855
0.57 0.4 0.45714285714285713 0.6833333333333333 0.42666666666666664
0.54 0.4 0.42105263157894735 0.6333333333333333 0.41025641025641024
0.58 0.425 0.4722222222222222 0.6833333333333333 0.4473684210526316
0.61 0.5 0.5128205128205128 0.6833333333333333 0.5063291139240506
0.65 0.475 0.5757575757575758 0.7666666666666667 0.5205479452054794
0.62 0.45 0.5294117647058824 0.7333333333333333 0.48648648648648646
