0.95 0.92 0.9787234042553191 0.98 0.9484536082474226
0.62 0.56 0.6363636363636364 0.68 0.5957446808510639
0.57 0.58 0.5686274509803921 0.56 0.5742574257425743
0.63 0.62 0.6326530612244898 0.64 0.6262626262626263
0.52 0.5 0.5208333333333334 0.54 0.5102040816326531
0.58 0.56 0.5833333333333334 0.6 0.5714285714285714
0.52 0.48 0.5217391304347826 0.56 0.4999999999999999
0.53 0.46 0.5348837209302325 0.6 0.4946236559139785
0.57 0.5 0.5813953488372093 0.64 0.5376344086021505
0.56 0.52 0.5652173913043478 0.6 0.5416666666666667
