15 71
155 71
209 71
100 71
220 201
141 71
107 71
43 146
144 146
42 146
190 146
180 71
160 33
160 201
7 71
75 33
75 71
75 146
29 33
29 71
29 146
96 33
96 71
96 146
244 33
244 71
244 146
171 209
171 185
171 72
171 42
171 2
171 7
171 98
171 189
171 137
171 90
171 31
171 16
171 206
171 61
171 192
171 118
171 162
171 231
171 152
171 71
171 163
171 142
171 234
171 52
171 115
171 225
171 86
171 237
171 119
171 120
171 59
171 123
171 0
171 242
171 104
171 202
171 166
171 92
171 239
171 110
171 218
171 204
171 229
171 97
171 213
106 71
90 71
16 71
206 71
61 71
105 71
113 71
8 71
17 71
215 71
192 71
118 146
67 146
65 146
85 146
126 146
25 146
14 71
74 71
243 214
243 160
243 91
243 191
243 17
243 76
243 169
243 63
243 196
243 194
243 173
243 11
243 45
243 46
243 116
243 97
243 13
33 186
33 61
33 17
33 192
33 162
33 108
33 139
33 76
33 63
33 44
33 153
101 33
24 71
93 71
143 171
143 71
172 71
231 71
152 201
71 160
71 150
71 75
71 192
71 94
71 145
71 143
71 246
71 71
71 184
71 19
71 241
71 3
71 208
71 52
71 88
71 195
71 125
71 134
71 114
71 196
71 23
71 219
71 227
71 0
71 197
71 146
71 232
71 46
71 235
71 97
71 193
71 213
163 71
163 147
240 171
240 71
19 71
207 71
228 71
228 146
179 71
179 146
48 71
48 146
12 71
12 146
21 71
21 146
36 71
36 146
234 71
234 146
140 71
140 146
52 71
88 71
109 71
130 71
115 71
37 71
125 33
125 71
125 146
4 33
4 71
4 146
157 71
211 71
57 71
147 209
147 164
147 98
147 186
147 17
147 67
147 20
147 35
147 195
147 135
147 114
147 18
147 32
147 182
147 131
147 154
147 227
147 121
147 166
147 110
147 153
147 204
147 176
147 99
147 87
177 71
111 71
1 71
165 71
127 146
68 71
95 71
148 71
217 71
49 71
76 71
223 71
103 71
60 71
159 71
135 71
226 71
82 71
169 71
6 71
22 71
28 71
63 71
27 71
114 71
119 71
89 71
219 171
58 171
32 71
112 201
112 146
188 71
83 71
62 71
47 71
59 71
30 71
70 71
124 71
124 146
173 171
173 71
10 71
128 201
210 201
158 201
221 71
123 71
51 71
183 71
227 71
9 71
69 71
216 71
0 33
0 71
0 147
0 146
167 33
167 71
167 146
197 33
197 71
197 147
197 146
56 33
56 71
56 146
201 50
201 209
201 100
201 185
201 42
201 178
201 2
201 160
201 137
201 191
201 171
201 31
201 16
201 129
201 206
201 17
201 94
201 162
201 224
201 14
201 143
201 231
201 152
201 19
201 38
201 228
201 245
201 225
201 125
201 86
201 5
201 39
201 127
201 95
201 60
201 28
201 63
201 27
201 66
201 119
201 120
201 53
201 219
201 138
201 32
201 47
201 59
201 30
201 70
201 124
201 181
201 131
201 227
201 216
201 104
201 202
201 199
201 146
201 45
201 92
201 239
201 218
201 40
201 233
201 174
201 13
201 102
201 41
201 213
34 71
34 146
121 71
78 71
151 71
146 205
146 50
146 222
146 214
146 203
146 209
146 185
146 164
146 77
146 84
146 186
146 236
146 129
146 17
146 192
146 67
146 162
146 224
146 74
146 122
146 143
146 231
146 246
146 71
146 20
146 117
146 149
146 142
146 241
146 3
146 36
146 88
146 130
146 26
146 225
146 79
146 37
146 4
146 86
146 212
146 157
146 211
146 76
146 60
146 135
146 27
146 114
146 237
146 194
146 66
146 80
146 219
146 59
146 173
146 128
146 187
146 9
146 216
146 104
146 78
146 146
146 232
146 46
146 174
146 54
146 193
175 171
92 171
136 71
136 146
156 33
156 71
156 147
81 33
81 71
81 147
64 33
64 71
64 147
55 33
198 71
230 71
168 71
132 71
40 71
153 33
153 71
153 147
233 71
116 71
235 71
235 146
170 33
170 71
170 146
176 33
174 71
238 71
97 33
97 71
97 146
73 71
133 33
13 71
13 146
99 201
102 33
102 71
102 146
200 71
200 146
193 71
193 146
161 33
161 71
