-0.094446694 -0.182566034 -0.128517068 -0.059926824 -0.056808517 -0.276127282 0.401666283 
-0.290649276 -0.18309076 0.214443389 -0.215183509 0.114457319 -0.029647136 -0.058840019 
0.430808843 -0.405213716 0.037146934 -0.234199372 -0.350502046 -0.078160691 1.581755612 
-0.059220801 0.008945296 0.073427202 -0.034179221 0.080570949 -0.179737991 -0.034285599 
-0.046418118 -0.150044644 -0.080901636 0.057211222 0.086713981 0.30517459 0.141235727 
0 0 0 0 0 0 0 
0.374170853 -0.192175782 -0.301420355 -0.137000537 -0.108936418 -0.157850326 -0.358346948 
0.213426115 -0.439550835 -0.181223391 0.409269691 0.524901923 0.358090759 0.239604722 
0.086361435 -0.030611424 0.183957996 0.163116081 0.069488264 -0.002538837 -0.080982522 
0.038019188 0.099373171 -0.077019879 0.125665009 0.095231968 0.137419423 0.098406964 
0.378571666 0.3674129 0.376937948 0.139386636 0.21548119 0.3761564 0.182380511 
-0.064191401 -0.372164115 -0.301939582 0.208255426 -0.122459271 0.124166789 -0.426722116 
-0.102624021 0.013999576 0.049448156 -0.051706095 -0.011218957 -0.012350204 0.024197561 
-0.068084834 0.227136907 0.561311473 -0.2621658 -0.097089283 0.331889828 0.005819491 
0.104868552 -0.172159263 0.273388685 -0.191310892 -0.199616555 -0.069513121 0.347550396 
0.912336995 -0.086293642 -0.145354001 0.507328842 -0.047983463 -0.074862452 -0.107370146 
-0.0222214 -0.164815522 0.101117654 -0.071840861 0.071510527 0.325265028 0.00231055 
-0.070256342 -0.020255087 -0.079683762 0.151506768 -0.076213539 0.009661685 -0.050103418 
0.5654087 0.36849164 -0.127383392 -0.351724423 -0.425279767 0.141982317 -0.002051952 
-0.224108717 0.018237247 -0.046579932 -0.055185413 0.149280431 -0.055518924 0.055626443 
-0.084903783 -0.134213861 -0.11178169 -0.28646857 -0.114061905 -0.272566093 0.511130565 
0.178453427 -0.374779871 -0.01285362 0.202504687 -0.116281851 -0.054564105 -0.010880977 
0.03715511 -0.121535267 -0.143310265 0.041015392 0.25935838 -0.248671575 -0.248182961 
-0.071434146 0.067543728 -0.063285072 -0.072676841 0.793695511 0.15717155 -0.130149966 
-0.147230811 -0.41918985 0.321541553 0.133311321 0.191830968 -0.381821427 0.075193618 
0.206945337 -0.04814062 -0.122901939 0.0916645 -0.037270536 0.033666913 0.137098905 
0.094107133 0.11083593 0.100365086 0.009404182 -0.065348134 0.194507787 -0.009685693 
-0.021691345 -0.51462284 -0.079684554 -0.218176499 -0.253797227 0.061609792 -0.270131704 
-0.015046151 0.193829491 -0.094077421 0.001943469 -0.156136241 -0.179833361 -0.19867405 
-0.285295703 0.535073491 -0.107109707 -0.193362594 -0.05852644 -0.173835337 0.747616936 
-0.101264641 -0.044524979 -0.030618298 0.093624948 0.119269398 -0.1622856 -0.078331024 
0.98685046 0.810888344 -0.149681426 0.386311222 -0.037479335 -0.293687998 1.675862088 
0.067783885 -0.243021897 -0.199694668 -0.214845459 0.500880073 0.442020171 0.1435865 
-0.500547462 0.013219925 -0.2232555 -0.192589018 0.186366161 -0.317514213 0.555568408 
0.041169801 -0.084081466 -0.130129809 0.02775347 0.044074373 0.215591062 -0.092581423 
0.006044106 0.332068614 -0.030125701 -0.02347307 -0.011718437 -0.068637837 -0.059641837 
-0.060344323 -0.350353283 0.04955339 0.10294334 -0.04299264 -0.216860403 0.105453513 
-0.029809485 0.0724193 0.022641242 0.266947068 -0.115013985 -0.309555127 -0.017168293 
0.032682189 0.123440813 0.325824723 0.176377475 -0.351854825 -0.139295041 -0.06069573 
-0.120013146 0.05237972 -0.102870596 0.057219941 -0.392649878 -0.018557797 -0.105555437 
-0.054979794 -0.039570355 -0.070180672 -0.005760879 0.285178104 -0.061920277 -0.018806961 
0.461256321 0.455411101 -0.242146567 -0.122302442 0.501822368 -0.375914218 -0.395089728 
0.176030932 0.23383384 0.087515928 -0.131228399 0.04415646 -0.068253149 0.061886749 
0.17921729 0.16806553 -0.152337779 0.094432738 -0.061629703 -0.135684528 -0.129977087 
-0.142975846 0.046598967 0.054718945 0.011927946 0.122763698 -0.287989988 0.212598595 
-0.662681247 0.15773618 0.521646226 0.166931126 -0.075036179 0.262555468 -0.195739711 
-0.014708983 -0.049079492 -0.168491666 0.003031641 -0.058370457 -0.237357307 0.036347168 
-0.101582901 -0.02197617 -0.113016497 0.029505829 0.053286973 -0.104052996 -0.029393004 
0.149533725 0.099746194 0.255358099 0.199486553 -0.02553943 0.364388855 0.317884756 
0.831630735 0.109541612 -0.505469078 -0.364947993 -0.349033912 0.291867063 -0.04328484 
0.194817175 -0.444239366 0.111713997 -0.102873474 -0.105337443 0.037150159 0.207063266 
-0.001221137 -0.007230377 0.219600648 -0.044658164 0.121774539 0.155424198 -0.016606369 
-0.287887475 -0.275691103 -0.018843963 1.232617397 -0.126538457 0.368555656 -0.24343628 
-0.079708215 -0.230625449 -0.042063373 0.367410532 -0.217578946 -0.194115079 0.140633091 
-0.110834771 0.243669021 0.263585584 0.166175639 -0.000194868 0.180128468 0.528652618 
-0.248649848 -0.345120148 0.478398888 0.10166735 -0.080660654 0.390869509 -0.063881872 
0.801966532 -0.761523349 -0.208673943 1.006574306 -0.169922369 -0.197189071 -0.204206506 
0.489650279 0.612913251 -1.483360271 -0.627886068 0.823295458 1.962220354 0.535286248 
-0.14807726 -0.019999869 0.104255967 -0.184701971 0.071360831 0.779635643 -0.003579228 
-0.052385709 0.188337393 -0.073394559 -0.040256558 -0.103651145 -0.135419129 -0.048374219 
0.214368547 -0.007936773 -0.084324139 -0.293101611 -0.012220749 -0.242363396 -0.115821819 
-0.035116371 0.932000913 -0.075530706 -0.015012757 0.124194961 0.126031355 -0.188738295 
0.206222073 -0.056591463 0.130987667 -0.006620131 -0.028033926 0.100238778 0.156704434 
0.351232291 0.072961564 0.091342064 -0.410749367 -0.418038849 -0.237330228 -0.341592195 
-0.184127775 -0.136276194 -0.040214195 -0.037771361 -0.153943147 0.068601107 0.027390468 
0.496573156 -0.020694244 0.290426711 0.093437103 0.127691633 0.027117467 0.310655191 
-0.056829806 -0.09807253 -0.230406154 0.733860958 0.201907533 -0.050878528 -0.186474669 
-0.127212279 0.015828072 -0.04395142 0.189926343 0.21550507 0.108841607 -0.090195495 
-0.066696957 -0.409001817 0.267775725 0.199234723 -0.307547654 -0.019234986 -0.136538014 
0.64012615 0.582837999 0.601466849 0.937388613 0.155995743 1.091510322 -0.109972351 
-0.040108054 0.073115795 -0.136772106 -0.307372471 -0.026583884 0.064462786 -0.07215853 
0.241285297 0.438035702 0.745310977 0.221866922 0.115836301 0.123724378 -0.263683251 
-0.10782825 -0.227689137 0.287105232 -0.143948722 -0.096382349 -0.130254664 0.312215362 
0 0 0 0 0 0 0 
-0.258606345 0.062029527 -0.147457782 0.044215218 0.025026305 -0.187906848 -0.362754635 
0.094757112 0.6522327 -0.931597161 -1.194659479 -0.558216282 -0.389220297 -0.48563174 
0.182997401 0.016867783 -0.078398352 0.066549651 -0.054259653 0.131372905 0.114882815 
-0.229943324 0.198860142 0.117313886 0.164242294 0.038780291 0.337787093 0.059800615 
0.027636636 0.067104897 0.042148275 0.035667533 0.070513505 -0.022601119 0.109206968 
-0.074133775 -0.163341556 -0.36037292 -0.053196868 -0.185350139 -0.190988226 0.211530723 
-0.056046898 -0.49964102 0.290335721 -0.450207259 -0.957810541 -0.662831778 -0.547218336 
-0.106362797 0.397859097 0.093968536 -0.310347129 0.098247185 -0.055712339 -0.073471001 
0.054791711 -0.255346994 0.111490617 -0.049253001 -0.269988553 -0.26478627 0.004846922 
-0.110922655 0.008606735 0.073918723 -0.147875618 0.030798931 -0.293809288 -0.047529324 
0.513540514 -0.204646157 -0.488913371 -0.601928291 -0.552093342 0.079055797 -0.321828383 
-0.264558046 -0.237564311 -0.322748079 -0.524241818 -0.009764854 -0.433861628 -0.086919502 
-0.322687929 -0.129302847 0.122869251 -0.270477899 0.625112065 2.045916814 1.6032012 
-0.404967068 -0.32825168 -0.180745952 0.288965826 0.130130513 -0.549252654 -0.118891565 
0.142439373 -0.053385939 -0.061545796 0.021288566 0.14685593 -0.030464871 -0.062958017 
-0.066354955 -0.202227945 0.295992048 -0.074690863 -0.083510397 -0.154522532 -0.053018579 
-0.073787172 -0.125839093 2.06E-05 -0.090238487 0.112076778 0.003559405 -0.062696332 
-0.100554422 0.116329198 -0.437914278 -0.077315325 -0.416505882 -0.092478862 1.086023833 
0.146850482 -0.131237667 0.110649225 -0.067841702 0.017340905 0.245797814 -0.074167118 
-0.037068897 -0.270039632 -0.322861975 0.283645031 -0.150024424 -0.166715461 -0.140586466 
0.083297981 -0.297745195 1.389969913 0.32316234 0.713902165 1.786913857 -0.132021765 
0.197565958 0.012961695 0.207835929 0.07198346 -0.317561762 -0.047678911 -0.148714916 
0.582608826 -0.779380469 1.096356287 -0.715784222 -0.508609842 -0.1168071 1.142768147 
-0.392513366 -0.307696574 0.097518746 0.187684876 0.193020834 0.159804558 0.305165641 
0.052860853 -0.782194518 1.223827224 -0.273457887 -0.414929156 -0.058495061 -0.719622762 
-0.224539576 0.391021355 0.2228369 -0.147417824 -1.093136301 -0.000614125 -0.097052487 
0.120625416 0.000347928 -0.07783138 0.187431956 -0.135754406 -0.045549018 0.298522388 
-0.285099106 -0.12313123 -0.0149486 0.147300998 -0.00331558 0.102561191 0.348602704 
-0.163442765 1.103370046 -0.244740715 -0.26701894 0.64169875 -0.169348477 -0.299235822 
0.253645832 -0.203828788 -0.026075064 0.007789717 0.081866441 0.153534683 -0.066865288 
0.260882084 0.06154438 0.130873166 -0.40544606 0.350372778 -0.036653264 -0.218106175 
-0.341730953 1.153144293 1.06751462 -0.103401296 0.842041496 0.883797076 0.04427771 
-0.017990288 -0.143864586 -0.434004381 -0.279264234 0.137127043 -0.389008556 -0.308163907 
-0.125482409 -0.002862445 -0.111979887 -0.036866068 0.18333689 -0.103390511 -0.302836179 
-0.039332968 0.029188026 -0.307171335 -0.12059998 0.004754707 0.015804857 0.010502111 
0.23279206 -0.448821985 -0.563799782 0.335647016 0.265616884 -0.343246756 -0.324777904 
-0.067241198 0.129612155 -0.184378431 -0.055852785 0.180632847 0.094518265 -0.61523596 
-0.03696145 0.219277031 -0.077601889 -0.115247337 -0.059362431 0.351176921 0.116475727 
0.045130028 -0.013844217 -0.230645397 0.036484051 0.109121626 0.029293688 -0.290371313 
0.230092017 -0.136110251 -0.183304847 0.10385676 0.137609157 -0.311879874 0.043950902 
-0.056189965 0.057107608 0.041491247 -0.006624784 0.422407827 0.517144176 0.279432039 
0.278225968 0.022443622 0.359325387 0.171850596 0.240905035 -0.126080253 -0.341327199 
-0.226922871 -0.397346033 0.163616781 -0.081112063 0.200664035 -0.018444754 -0.177647052 
0.258372986 0.31486558 -0.087027912 -0.2178703 0.030396128 -0.265531903 -0.125370381 
-0.223688352 -0.144561223 -0.140169508 -0.132856025 0.062394728 -0.25549425 0.055728261 
-0.021101296 0.017478182 0.318518183 -0.182442805 -0.02199281 -0.133021101 0.190196085 
-0.168293626 -0.172007866 0.04061423 0.018683338 0.112281222 -0.121261486 -0.357260692 
0.390354357 -1.080548497 0.134530168 0.138284638 0.207867332 -0.169013838 -0.402955904 
-0.082947445 -0.18061141 0.449427065 -0.08758286 0.116369439 0.171504241 -0.277992328 
0.069012544 -0.130388816 -0.150611726 0.109351273 -0.029730696 0.343110468 0.350116876 
0.281116302 -0.319583565 -0.040349602 0.920903228 0.320447801 0.072633018 0.093123715 
-0.279328886 -0.321133626 -0.348195021 0.150445178 0.159628859 -0.346979772 0.217841776 
-0.100441878 -0.179652834 0.117146005 -0.088534747 0.910158678 -0.293811824 0.632129291 
-0.086373109 -0.207308186 0.446120469 -0.789375369 -0.798969741 -0.110760049 0.251066 
-0.081974729 0.126340822 -0.041553214 0.059859012 -0.184597541 0.190723275 -0.198499562 
-0.316023158 -0.189241148 0.343096209 -0.108298368 -0.06895789 -0.196024907 -0.132408662 
0.922847845 -0.773929705 0.003231601 3.176594432 1.397610068 0.558087992 -0.044463233 
0.234224504 -0.124269589 0.038598145 -0.053076932 -0.107628809 -0.039990485 -0.194648632 
-0.157491487 0.120057916 0.094429861 0.242373976 0.091127401 -0.202024126 0.245868356 
0.178602089 -0.258263859 0.125041362 0.146583075 -3.25E-05 -0.134276195 0.031076871 
0.370265886 -0.172640804 -0.126300649 0.04324214 0.349737606 -0.492106902 -0.379198766 
0.015156502 0.128892056 -0.826033743 -0.519540977 -0.563579455 -0.172968059 0.890698396 
0.052824718 -0.254689907 0.383431564 0.09712232 0.305895637 -0.201673195 -0.208702838 
-0.01748814 0.034941592 -0.070929359 0.114912211 -0.006985234 0.319286387 -0.21140478 
-0.024357162 1.248919766 0.342909933 -0.918205648 1.366901241 -0.60384471 1.896309247 
-0.063174058 -0.117656443 -0.150465018 0.028942519 -0.028507565 -0.176303864 0.256425731 
0.12580694 -0.179148562 -0.284218252 0.180353548 0.767437551 0.245819694 -0.335679105 
-0.184957025 -0.081893432 -0.087370505 -0.095376384 0.30889458 0.276107827 -0.206446477 
0.185036599 0.008184986 -0.205092448 0.165461005 0.132321022 -0.214265748 0.180790433 
-0.096775879 -0.031812713 -0.028081616 0.031116406 0.169541661 0.184323272 -0.208715736 
-0.265409398 0.855922339 -0.789475401 -0.433669118 0.745663136 -0.120489882 -0.586151485 
-0.299948791 -0.250209261 -0.127572096 0.050852155 0.208218789 -0.574712796 -0.175561328 
0.041245262 0.063219874 0.169679892 -0.140258253 0.168689481 -0.02083254 0.113100794 
-0.120473646 -0.209310342 -0.024741883 0.092863557 0.226101648 -0.196773454 -0.09358362 
0.138093609 0.073433328 -0.097243059 0.013311322 0.017099773 -0.236412659 -0.079454403 
-0.109031573 0.010529387 -0.109150074 0.23208594 -0.081455197 -0.389437904 0.068839509 
-0.121657969 -0.091854137 -0.44728275 -0.060018174 0.058226984 0.553738004 -0.048304016 
-0.056567865 0.007615876 -0.033012388 -0.027874058 0.11247076 -0.300575876 -0.184297594 
-0.437091096 -0.135456413 -0.335654403 -0.270484454 -0.523895246 -0.302308583 0.284734763 
-0.174672838 -0.248262458 -0.198429529 -0.011014634 0.021203336 -0.090061945 -0.111902571 
-0.090943568 -0.084597984 -0.113688701 0.049494453 -0.143085817 0.307151057 0.620606639 
0.043509458 -0.115123269 0.075713507 0.147689695 0.080508056 -0.120833467 -0.012402531 
-0.143243342 -0.175879032 0.145813639 0.122696902 -0.192494526 0.166536331 0.133954086 
0.775076913 -0.507418464 -1.072537817 0.381958333 -0.995452441 -0.071943469 0.982943881 
-0.143616325 -0.252951396 -0.232651657 -0.1802535 0.466956717 -0.113032782 -0.225609824 
0.198839196 -0.216583598 -0.04875122 0.337324803 0.11241873 0.031325628 0.015915899 
0.172504625 -0.609929744 0.270679779 -0.273368206 0.246065176 -0.040893863 -0.479641707 
0.024532367 -0.160288688 0.054116074 0.24687167 -0.097087843 0.032721437 -0.020623329 
-0.165440132 -0.138640358 0.161990026 0.011110839 0.217219825 -0.060203823 -0.03311608 
-0.392053696 -0.236494157 0.30898724 0.066157977 1.060190428 -0.058706782 0.133476685 
-0.336940621 -0.053108276 0.335988645 -0.223040187 0.168639449 -0.005683323 -0.143805579 
-0.144770838 -0.193211413 0.292773586 0.050423911 0.27820488 -0.310381225 -0.51848052 
-0.086005283 -0.056843901 -0.045845785 0.111532727 0.04381248 0.664546149 -0.272034449 
0.082719225 -0.056165343 0.061217503 0.082820026 -0.054945405 0.05659177 -0.053893757 
-0.063912013 0.114491515 -0.139538138 -0.122781231 -0.144278927 0.620299805 0.336414852 
-0.12599351 -0.221556261 -0.008517288 0.101444974 -0.002975571 -0.107179155 -0.050524468 
-0.052209359 -0.14154877 -0.092950024 -0.180108869 0.214341534 -0.299449509 -0.224391035 
-0.148135552 -0.066422649 -0.161099277 -0.250264604 -0.138622338 -0.278698139 0.138955776 
0.114261536 -0.112064261 -0.276018198 -0.278450946 -0.086978423 -0.356433662 0.509814517 
-0.170663988 0.216036764 -0.156227093 -0.206413232 -0.275168675 -0.225701347 0.042805521 
-0.038317386 0.042194803 0.116526468 -0.053147855 -0.083311258 -0.144287362 0.151702906 
0.150146217 -0.28511252 -0.304129102 -0.091818037 0.149834024 0.015644719 0.430291828 
0.994581185 0.016023138 -0.624851688 -1.76337329 -0.011131806 -0.415608536 -1.456393457 
-0.048627868 0.056268577 0.141177571 0.015072159 -0.11344 -0.319587695 0.082988251 
1.097558642 -0.126339031 -0.573329573 -0.575246294 2.192714752 -0.56954827 -0.446500221 
-0.061186448 -0.04276871 0.060329195 0.321602743 0.146500406 -0.119609483 0.058162942 
0.496077225 -0.760218301 -0.294703571 -1.140377973 0.604033708 -0.223639944 0.594176948 
-0.374956744 -0.238327059 -0.352961318 0.276056536 -0.281788015 -0.497385834 0.648900553 
-0.191351582 0.04182502 0.148062369 0.064507651 0.27414856 -0.373121493 0.565101056 
0.196506166 -0.897554189 -0.493696899 0.760063736 0.234237939 -0.140301555 0.072509594 
0 0 0 0 0 0 0 
-0.028082325 -0.196512807 0.319613003 0.217823704 0.578284464 0.238355673 0.29954485 
-0.069800323 -0.373671581 0.189057238 0.077507433 0.089371516 -0.175229746 0.109697424 
0.011397594 -0.360619157 0.014770529 -0.189983045 -0.322984239 0.185209483 0.311276095 
-0.193381434 -0.10712751 -0.134937077 -0.070314529 0.16992245 0.193720637 -0.356835371 
-0.112270991 -0.013159262 -0.269401317 -0.023911725 0.23876858 -0.365865446 -0.082732196 
-0.276453971 0.820860024 -0.469435023 -0.237319135 -0.34668052 -0.287167319 0.084313376 
-0.253880552 -0.626619934 -0.378831281 0.135194159 0.045940308 -0.341704215 -0.23797874 
-0.123306556 -0.133717961 -0.755467607 0.101374284 -0.514670599 0.303522138 -0.10651654 
0.098495602 -0.03099757 -0.127201958 0.171465675 0.043444046 -0.071878165 -0.203558678 
-0.064977622 -0.202129536 0.068014802 0.036865048 0.053988417 -0.147927984 -0.206534839 
0.620144176 -0.209072495 -0.162278104 0.037719431 0.180030127 -0.237054332 -0.116500186 
0.005256282 -0.083452608 -0.111356949 -0.480896455 -0.419785852 -0.035940502 -0.346533358 
0.381816018 -0.273111812 -0.133997782 -0.224376677 0.556548594 -0.082481209 0.222914066 
0.578594415 -0.536653911 0.258396323 -0.215934458 -0.074622339 -0.393721094 -0.156186142 
-0.11283257 -0.301668757 -0.27186344 -0.091620076 0.100788498 0.002113552 -0.344068759 
-0.309757635 -0.037780886 -0.133647964 0.170332516 -0.127949496 -0.019160692 -0.209683447 
0.130123826 -0.033202522 0.2441837 -0.216390447 0.104285108 0.059405454 0.138678287 
-0.126186473 -0.05652754 0.15789348 -0.395885893 -0.612898189 0.041716402 -0.276506968 
-0.226379577 0.154848432 -0.126747929 0.052220134 0.104225605 -0.128283505 0.123514194 
-0.83559873 0.050051138 0.359061718 0.401785558 -0.001351097 1.402399817 0.151871106 
0.142488776 0.999833797 -0.736572188 -0.17579169 -0.418018491 -0.273884417 -0.144448684 
0.407127292 0.044359336 -0.055972804 -0.075561814 0.024634369 -0.596092513 -0.194535152 
0.298299241 -0.466809193 -0.109107788 -0.569604684 -0.388281644 0.297078739 0.268752898 
-0.114835894 -0.123252616 0.299131863 0.031733106 -0.114579804 0.069979712 -0.167324311 
0.259001145 0.175150123 -0.056190472 -0.146327701 -0.391733896 -0.773463851 -0.235048983 
0.080018832 0.173458666 -0.166385342 -0.151960699 0.048083031 -0.108955779 -0.110447864 
-0.108582799 -0.269116154 0.035787793 -0.020991425 0.059913527 -0.382445045 -0.068278263 
1.24493781 1.304471322 -1.099168373 -0.722133839 -0.579514294 -0.698066188 2.00786547 
-0.174763939 -0.013633208 -0.069200863 0.196611624 0.228663345 0.122680971 -0.014381063 
-0.109801803 -0.298284305 0.290945343 -0.186677822 -0.128510031 -0.009784068 0.062890757 
-0.035391464 0.470410528 -0.052651649 0.09061996 0.136835097 -0.122390991 0.059396358 
-0.040995642 0.006255601 0.159347694 -0.172545066 -0.025497278 -0.249724235 -0.145247592 
-0.293103273 -0.425416788 -0.020563727 0.141611629 0.176743507 -0.050908088 -0.117438682 
0.115366347 -0.041644029 -0.040865692 -0.008849986 -0.087875127 0.079505673 -0.079879631 
-0.100295017 -0.012709343 -0.103071936 -0.07996245 -0.171427584 0.760234983 -0.061554594 
1.056848993 -0.040406226 -0.021966122 -0.033665996 0.073250942 -0.056366455 -0.32687584 
-0.285571755 0.143793745 -0.329567109 0.097675537 -0.379906225 -1.339283841 -0.259956745 
-0.120117133 0.537682307 0.643527137 -1.96942229 -0.254975499 -0.902197911 -0.64401608 
-0.287340088 -0.355465703 -0.729514328 -1.165464175 -1.11439523 0.121314644 -0.00997649 
0.598586552 0.144984368 -0.633601952 -0.567257659 0.448001895 -0.499401927 -0.639633959 
-0.441677851 -0.02425792 -0.211724539 0.031458808 0.148465049 -0.224873916 -0.313760761 
-0.108727498 -0.043902826 0.050571353 -0.136695045 0.066607101 -0.087823013 0.34988299 
0.099882289 -0.639886128 -0.456596853 -0.179376152 -0.317433245 -0.296785343 -0.425453577 
-0.670599374 -0.478178899 -0.289997222 -0.072135435 -0.327542438 -0.259506182 -0.456671136 
-0.516914798 0.044179355 1.515823903 -0.257498943 -1.634899318 -3.115382087 1.202369419 
0.701736897 -0.967717099 0.328961991 0.463260477 0.222398945 -0.210464221 1.091012395 
-0.210053786 0.015599968 0.146046415 0.046995311 0.11538334 -0.061852733 0.027355964 
0.223393862 -0.405186527 0.391633026 -0.22121229 0.089818016 0.089790751 -0.064457659 
0.065412111 0.421050937 0.10601698 0.148689885 -0.019221859 0.101999099 -0.1331135 
0.137891216 0.293411283 -0.387487645 1.591443292 0.015521788 -0.317796402 0.118666989 
0.09316829 -0.011254954 0.029162779 0.120201284 -0.131557434 -0.343174642 0.33844231 
0.02265532 -0.230891145 0.119627168 0.132293788 -0.167277829 -0.204826753 -0.00928647 
-0.185581321 -0.106042794 0.010937596 -0.200223364 -0.290782209 0.067211989 -0.024526258 
0.011129286 0.392005717 -0.049535127 -0.096293418 0.068167984 -0.091062732 0.060533611 
0.168442915 -0.095226275 0.229966792 0.299131162 -0.102618896 0.320234516 0.970004511 
0.14431152 0.278124473 0.037712819 0.007861852 -0.074352362 -0.119166207 0.051071944 
0.012323038 -0.15707923 0.291869141 0.119168534 0.057490961 -0.197589665 0.154240654 
0.006851572 -0.074028613 -0.064674785 0.316225333 0.084234189 -0.450668563 -0.125329848 
-0.115651434 -0.179389672 -0.010857705 0.38413838 0.134049166 0.027200112 -0.112740896 
0.049898154 -0.011807494 -0.165630009 0.262627008 0.071600767 -0.188347657 0.106214318 
0.165695848 0.49913242 0.922073537 2.991196154 -0.358154382 3.124955402 -1.337619146 
0.900913394 -0.107503686 -0.411773799 -0.705454327 -0.029472326 0.136244059 -0.152758849 
