3.713871 3.5576792 3.5329895 2.907298 3.0956535 3.0825424 3.0898323 
-3.7893019 -4.1756434 -3.8720202 -3.442986 -5.459749 -4.61194 -4.108622 
-0.1108551 0.44219017 0.457489 -0.26412582 -0.49814606 -0.18293762 -0.20569658 
-1.6120157 -2.118268 -2.4693794 -1.2033648 -0.77064943 -0.3019495 -0.23058414 
5.508605 5.8016176 5.3882475 3.5762987 3.438819 3.493926 3.479804 
0.7171631 0.97086334 1.108531 0.17413616 -0.00373745 0.030532837 -8.97E-04 
2.0612745 2.282196 2.0617886 2.2557707 2.1415253 2.085413 2.05309 
-3.5819168 -4.3620267 -3.9640503 -4.570273 -3.892787 -3.4561877 -1.419209 
-6.8573785 -5.63585 -6.691908 -3.581244 -4.224267 -3.5272188 -4.6946373 
-2.6682162 -2.812491 -2.0696435 -6.7771072 -6.276763 -5.773876 -5.994514 
0.034204483 -0.009648323 -0.29163265 -1.1296029 -1.0451145 -1.040626 -1.1121349 
0.68568134 0.81270885 0.7359686 0.6966772 0.6610527 0.87999916 0.79675865 
-7.044599 -6.494708 -6.7783127 -6.872339 -6.3889728 -5.6877947 -6.1037564 
-4.607238 -4.6627855 -4.297644 -2.9608746 -3.1325374 -3.821435 -3.607613 
1.8994646 1.6976023 2.5731716 2.4270782 2.3047314 2.302905 2.4525394 
1.488493 1.3409452 1.1347723 2.8522596 2.9362602 3.0262766 3.0537663 
-4.4510136 -4.695778 -3.9385304 -3.2396502 -3.2175732 -4.5919843 -3.8375044 
4.5804358 4.949504 4.8461275 3.984353 4.0333357 4.0415173 4.0304184 
2.7933235 2.81499 3.0055056 1.407506 1.3522959 1.4017229 1.4472551 
2.4449377 2.5550947 2.360548 0.13720036 0.12005234 0.30690193 0.10407257 
1.6672106 1.9246883 1.5776911 1.3136053 1.2925434 1.2325916 1.3013058 
1.2791452 1.5110111 1.4180431 0.772563 0.5639 0.5507345 0.66384125 
-5.7424183 -5.497456 -5.402777 -6.443027 -6.232725 -3.611453 -6.005534 
-5.7317038 -6.3469467 -4.68358 -6.8972445 -6.402736 -6.4645743 -6.113077 
-1.8437262 -2.166996 -2.2912502 -1.4255328 -1.7921858 -1.7130642 -1.717092 
3.5943527 3.490491 3.8805437 1.8998318 1.8486795 1.8308439 1.8912392 
4.109231 3.85174 4.2733335 1.7924147 1.8335953 1.8245897 1.8066988 
0.6155071 0.47551823 0.39259815 -3.2258406 -2.9142432 -2.6270165 -2.6445513 
-3.7021227 -3.3768568 -3.5319252 -3.418858 -4.137205 -3.9515018 -4.254948 
2.3574533 -1.2293105 -0.550302 2.612482 2.542573 2.353056 2.4090042 
0.12627602 -0.321352 0.024843216 0.5355654 0.547596 0.4094 0.49028778 
-2.2342987 -2.1680775 -1.9930916 -1.1998901 -1.080545 -0.8217058 -0.74779844 
-5.5397177 -6.3496914 -6.4236784 -3.2986937 -3.619659 -3.0952697 -2.9102387 
0.85767937 1.0382662 0.80799675 -0.27766514 -0.39531183 -0.15213203 -0.22647619 
-6.973434 -6.45539 -6.697481 -6.7945385 -6.3055377 -6.4784656 -6.093725 
2.1954727 2.059309 1.9875813 0.11895466 0.32606125 0.22247982 0.17258358 
-6.8363175 -6.239674 -6.5304065 -6.5693903 -6.2412252 -6.39587 -5.97625 
-0.10930061 -0.43318605 0.46032333 -0.42149353 -0.2505436 -0.50982475 -0.44066572 
-6.531916 -5.99681 -4.885695 -6.7836504 -6.1992235 -6.494953 -6.0963902 
2.1110773 2.1475344 2.337593 1.370223 1.243681 1.2560253 1.3578119 
-4.0017157 -4.145554 -3.8513465 -3.9590797 -3.6356874 -4.1151075 -4.218099 
0.15165234 0.43545532 0.3360424 -0.5704589 -0.6117163 -0.96303225 -0.85231256 
7.0772943 7.2425222 7.4841003 6.2274084 6.295395 6.402689 6.392151 
5.9537535 6.054162 6.1598663 5.470251 5.2921906 5.3104973 5.283061 
4.2645044 4.510009 3.9534302 4.042841 3.9327068 3.8399448 3.8499565 
3.0276003 3.2620869 2.8857727 2.0365438 2.0298996 2.165681 2.1415262 
2.4078112 2.3634958 2.9873056 2.172041 2.0343065 1.92237 2.0137024 
4.5396957 4.5985727 4.836425 4.827875 4.7917547 4.696089 4.7940035 
2.124466 1.9561968 1.9771442 1.761344 1.7500124 1.7787809 1.7989712 
-6.4448414 -6.3260117 -6.3167696 -6.6422834 -6.0974636 -6.326803 -5.8461695 
-2.792883 -4.612668 -3.3758097 -3.169384 -3.3299599 -2.8800883 -2.8309112 
-6.8175573 -6.236344 -6.5144744 -6.5351057 -6.228613 -0.17944622 -5.953579 
-0.37281513 -0.9594226 -0.83398104 -0.45399857 -0.39315128 -0.5150852 -0.39302778 
0.6670332 0.928545 0.8479204 0.5603571 1.0129194 0.704093 0.6533327 
-4.9096565 -6.307228 -6.6224504 -3.7114062 -3.7762108 -3.706222 -2.044083 
-6.9502563 -6.309115 -6.623853 -6.781841 -6.126957 -6.469995 -6.087955 
1.6247759 1.536046 2.140665 1.7212267 1.7301884 1.6453466 1.7137356 
0.27336216 0.003260613 0.37680244 1.347414 1.239255 1.0792732 1.0805244 
-4.6925116 -4.660099 -5.207209 -4.32323 -3.942923 -4.1367874 -3.8925543 
-0.04390335 -0.07696438 -0.5205312 0.14916229 -0.16841888 -0.108133316 -0.10008907 
3.7979898 3.8340702 3.6438675 2.0765438 1.9525871 1.9857502 2.0101585 
-5.918334 -6.3949447 -6.583646 -6.711956 -4.868541 -6.4266787 -6.0332184 
-3.3836017 -3.264554 -3.6281357 -2.1959786 -2.044766 -1.6468921 -1.9280853 
-2.2952433 -2.55014 -2.3237271 -1.901402 -1.8055882 -1.6750665 -1.8541493 
-0.6249113 -0.57075644 -0.3792677 -0.9952898 -0.8443155 -0.8071351 -0.829206 
-0.40190983 -0.74019146 -1.089498 -1.1838126 -1.2922573 -0.9318085 -0.9675312 
9.455033 9.567971 9.435865 9.723629 10.030007 10.053035 10.020336 
-6.860086 -6.206172 -6.5500107 -6.62825 -6.097602 -6.260825 -5.8760853 
-3.6461353 -3.7271652 -3.102147 -6.874868 -6.381215 -6.5055413 -6.1202602 
-6.9642115 -6.419415 -6.6919856 -6.8238277 -6.3621993 -6.4677258 -6.109225 
5.0361767 4.8725233 4.9762535 4.369463 4.371353 4.3118258 4.3928423 
-2.6618018 -3.0368023 -2.750155 -2.6679835 -2.6090636 -2.923047 -2.7106895 
3.7659798 3.7283792 4.3242044 3.886445 3.9549608 3.7531462 3.7696085 
0.94128513 0.72500896 0.90767574 0.11750984 0.017787933 -0.22780848 -0.2502432 
2.668562 2.402257 2.499671 2.4204187 2.565133 2.4065561 2.506857 
6.2901697 3.1668386 3.4979153 3.7894535 3.6209116 3.5854664 3.6154795 
-5.674573 -6.3873367 -5.246911 -5.099823 -5.3260565 -6.437702 -5.905836 
2.7091722 2.4032497 2.6306105 3.1905346 3.1094246 3.1712942 3.177619 
2.4721012 2.9624834 2.5725002 2.9767094 2.5304527 2.5906725 2.635707 
3.5268373 3.2654085 3.2672968 2.8792114 2.6380558 2.7421923 2.7446928 
-3.7607417 -4.158386 -5.561639 -4.2096896 -4.4802628 -4.0086117 -4.209648 
-6.9109416 -6.1997004 -6.594974 -6.669142 -6.1512003 -5.3634653 -5.9243627 
0.9618254 1.2064018 1.0516424 -0.04762268 -0.023246765 -0.036566734 -0.18890095 
-7.0184627 -6.48954 -5.2963114 -6.860796 -6.3440776 -6.494562 -6.1199913 
-3.1574254 -3.2746353 -2.749032 -3.3450832 -3.4258947 -4.3134995 -3.7819343 
-1.7443242 -1.3921161 -1.5057483 -1.7014041 -1.3983159 -1.2920656 -1.5492749 
6.053356 6.273938 5.57928 5.292692 5.1841707 5.27044 5.2392693 
1.4796991 1.3080206 1.8595896 -0.044449806 -0.15259743 0.093527794 0.18666363 
-1.3324327 -1.2218041 -0.9934912 -2.0426788 -2.000473 -2.230556 -1.9882851 
-3.3243241 -2.8709502 -3.1167827 -3.2962346 -3.3876324 -3.6167603 -3.6186695 
-5.099083 -4.503522 -5.152322 -4.5476813 -5.1144266 -4.4261246 -4.359548 
3.1037674 3.0777912 3.4229317 2.9912806 2.9385567 2.959444 2.965969 
-6.8026853 -6.448112 -5.685356 -5.8170166 -6.2031927 -5.474038 -6.0946198 
-6.5188155 -6.265271 -6.2809362 -5.413298 -6.1944833 -6.3426423 -5.160986 
0.56454563 0.55418587 0.33892918 0.85371304 0.77580833 0.7508383 0.7339182 
-4.2130756 -4.8195686 -3.9535418 -4.5883393 -4.8926606 -5.5852003 -4.487561 
-2.706462 -6.2447286 -4.3838367 -5.615878 -0.26321983 -6.321208 -5.938794 
-1.0532937 -1.693533 -1.2513123 -0.11342144 -0.17411232 -0.22256613 -0.013248444 
2.1011953 2.1494942 1.8091068 2.7993307 2.7891722 2.5533323 2.5724878 
0.6352186 0.6740351 1.1345491 2.0648928 2.039916 1.943819 1.9503689 
0.35650444 -0.07997608 0.33164024 1.0721769 0.7644644 0.9977188 0.8789902 
-6.9997787 -6.420811 -5.7239623 -6.845318 -6.365349 -6.4778156 -6.107064 
-0.9586158 -1.6275072 -0.749403 -0.7022457 -0.9222579 -0.89354134 -0.8984895 
-5.4693832 -4.940398 -5.081733 -4.97297 -4.773875 -6.4736657 -6.072893 
1.3402271 0.77480793 0.9934139 -0.16668415 -0.34692287 -0.44355345 -0.5868449 
0.60697937 -0.09919548 0.5231533 -0.34737206 -0.25118732 -0.039348602 -0.56302977 
-1.1065497 -1.0844412 -1.1077585 -2.506476 -2.6106877 -2.2821183 -2.5039725 
0.30054855 0.26782417 -0.14002323 -2.0014124 -2.266523 -2.6050706 -2.6379294 
-5.469571 -5.10945 -4.9742427 -4.6508985 -5.1300964 -5.1436033 -5.721793 
-4.592963 -6.190115 -4.7414083 -6.681962 -6.2953176 -6.4251103 -6.0373516 
-2.1699076 -1.493742 -1.3360996 -2.3036404 -2.4402113 -2.5827208 -1.7694912 
-6.8477173 -6.2821856 -6.557305 -6.619311 -6.2698436 -6.4040337 -5.99825 
4.306875 4.3433323 4.7581587 3.8936176 3.858077 3.901742 3.8623714 
0.74104214 0.78633976 1.2621708 0.14075089 -0.22839832 -0.18768787 -0.25186253 
5.2345066 5.2861223 5.1011333 3.8072586 3.8758974 3.8591413 3.8807983 
3.3161821 3.4407358 3.2427082 3.1615353 3.1211052 3.1782322 3.2264557 
-1.5624461 -1.5169644 -1.6712618 -1.5894313 -1.6383166 -1.7176623 -1.7156963 
-2.95016 -2.889742 -3.0806885 -2.2623372 -2.1381912 -1.3639107 -1.2872157 
-3.176856 -3.194981 -3.5127082 -3.0873132 -3.5545611 -3.2709317 -3.6824965 
-1.6124444 -2.0204706 -2.1623368 -3.259235 -3.6030307 -3.4952478 -3.6285477 
1.7081718 2.7314596 2.9003973 1.3307562 2.0914354 1.3856115 1.4171906 
3.4985514 3.863059 3.722785 2.9217482 3.2372932 3.1407776 3.1854067 
-6.953004 -6.4060774 -6.5998025 -4.404614 -3.109655 -2.4011598 -2.318716 
1.1480646 0.5842657 0.017821312 0.77104473 0.28946018 0.6250477 0.61846256 
-1.0336909 -0.9065232 -0.83736944 -3.1798143 -2.7245803 -2.7934499 -2.5972605 
-1.3750596 -1.2775445 -1.6776395 -2.0484147 -2.5353074 -2.5356383 -2.229961 
-0.8022127 -0.84294224 -1.2003932 -2.0924196 -1.9124227 -2.244228 -2.2150135 
3.3673944 3.3337812 3.557599 2.4403973 2.4881153 2.4979324 2.5161915 
-2.6082163 -2.2960458 -2.7538557 -1.245471 -1.5976944 -1.1604815 -1.0622745 
-0.41179562 -0.6945858 -0.28504086 -1.9474473 -2.4030452 -2.0760221 -2.251709 
-0.8971777 -1.3267751 -0.910429 -1.2543936 -1.2771163 -1.3571668 -1.3743505 
5.050762 5.0033474 5.3557243 3.9375925 4.0210342 3.999218 4.0090017 
-6.6425447 -6.375791 -6.4926486 -5.603474 -5.5630302 -6.449355 -6.070426 
-6.166589 -6.336249 -6.649732 -6.777716 -6.322369 -6.461358 -6.084198 
1.4984856 1.9140539 1.8651905 0.44461346 0.41358757 0.41134357 0.3754797 
1.7865763 1.3612986 2.5460758 1.1241236 1.2919817 1.073081 1.0820417 
5.667001 5.783676 5.3874674 4.120639 4.0837708 4.102934 4.106739 
-7.0370917 -5.6189194 -5.783515 -5.0991755 -5.803855 -4.2492723 -4.370144 
2.0520468 2.295802 2.2911701 2.372466 2.2077599 2.3042717 2.279315 
-5.9578166 -6.3593726 -6.156047 -4.652896 -4.726635 -4.6259317 -4.406864 
2.889247 3.2625418 2.9487095 4.4689274 4.2925615 4.315089 4.300644 
-0.49403143 -0.19776344 -0.48499203 -0.86900234 -0.07450867 -0.44006252 -0.4885888 
0.9885073 0.6904278 0.71465397 -1.078145 -0.96781206 -1.2340841 -1.1176057 
-5.715709 -6.3459845 -6.6243677 -2.7964754 -1.9416919 -2.0047984 -1.9663105 
6.1123886 6.0233326 5.5393467 5.937546 6.089113 6.2712116 6.296689 
-1.3632436 -2.089342 -1.5282655 -0.7469311 -1.1437736 -0.8840103 -0.9095111 
-3.8426838 -4.0860105 -4.259781 -5.61184 -4.629738 -4.262972 -2.5807557 
-2.9967465 -2.5765696 -2.7323947 -3.3794703 -3.7265658 -3.6768527 -3.4013882 
-3.9881482 -4.4173527 -4.5760336 -3.1794667 -3.3453932 -3.9472961 -3.6271353 
-4.8934526 -4.0691085 -5.1780143 -4.362293 -4.147307 -3.6927767 -4.019608 
3.7041903 3.7728662 3.478406 2.603652 2.6840496 2.6723795 2.6805973 
-0.035704613 -0.36726522 -0.54443073 0.51751804 0.406744 0.31622505 0.28043365 
3.6140785 3.6369133 2.8894758 3.2133427 3.1828985 3.1430254 3.1529264 
4.811489 4.9935617 4.749607 4.2215586 4.2546196 4.3002863 4.29086 
0.23908234 -0.037656784 -0.16657352 -0.56063414 -0.42162514 -0.53155184 -0.53161955 
1.2905331 0.9952965 0.9609642 0.29386902 0.4055195 0.43996143 0.36167812 
-0.012312889 -0.15634441 0.02740097 -2.276763 -2.6078744 -2.5921392 -2.1905026 
-4.7582674 -4.498725 -5.001321 -4.288679 -5.2100244 -4.5724096 -4.4369283 
3.9865456 3.8764992 3.5294714 1.8196659 1.7704716 1.8120556 1.8116817 
-1.6538243 -1.4409294 -1.8344369 0.6097288 0.86414623 0.8113375 0.8591728 
2.090333 1.9188261 2.588191 1.583148 1.7276773 1.6397991 1.6507826 
2.3000479 2.5914745 1.9708242 2.0766659 1.8799782 1.9185467 1.886055 
4.941908 4.9933834 4.894207 4.195362 4.249197 4.2338448 4.267354 
-3.6754541 -3.8049798 -3.671327 -3.1945128 -3.5760913 -3.2709394 -3.573278 
-3.8640218 -4.418721 -2.6693172 -3.7139525 -3.3114753 -3.551612 -3.4225583 
-2.5956573 -2.1927123 -2.3319592 -2.9991646 -2.4456153 -2.9029832 -2.8093224 
4.254203 4.5188036 4.056181 3.0136385 3.3392649 3.1814356 3.172346 
1.5159016 1.5214787 1.2680645 -0.29683876 -0.355855 -0.35320234 -0.43654013 
-2.5956388 -2.3256693 -2.1128187 -3.2003326 -4.1819305 -3.7734284 -3.726663 
-0.23875809 -0.32162285 0.39988995 0.24429321 0.18912697 0.30846405 0.45259953 
1.0380831 0.67636967 0.88723373 -0.7055998 -0.961679 -1.1128907 -1.1054087 
2.9217749 2.636406 3.2968235 3.0196667 2.9119682 2.7117777 2.7496748 
-2.822308 -2.140676 -2.6274533 -2.1106553 -1.650703 -1.5084071 -1.5751996 
2.4197607 3.004778 2.5528212 1.5662222 1.6762466 1.8838177 1.8200321 
-1.8425269 -3.1242394 -2.7834368 -1.9558659 -2.959382 -2.893054 -2.9811306 
-2.3200507 -2.1284623 -1.6752772 -2.4255347 -2.0957532 -2.034975 -2.0038843 
4.9944525 5.0863914 5.1429434 4.4112864 4.4051905 4.458186 4.4611807 
-3.7699256 -5.353776 -3.6256652 -3.656527 -2.9074988 -3.8145385 -3.519865 
-0.8300843 -0.7898803 -1.4728246 -1.7647548 -1.6815901 -1.6735034 -1.7369547 
-4.0085588 -4.2840643 -4.0003552 -3.8727803 -3.5614452 -4.296281 -4.0248427 
4.2398443 4.257886 4.465559 3.227994 3.2124481 3.1963968 3.2187443 
2.2651672 2.3447351 2.2450533 1.0461454 1.0672922 0.920887 0.89912605 
2.3513699 2.2419815 1.4801474 1.8017254 1.7175522 1.8070793 1.7375803 
-0.17858887 -0.4171505 0.085020065 0.056900978 0.15349483 -0.04327774 -0.24100208 
-1.3869448 -1.3599396 -1.1532245 -1.5241928 -0.99006224 -1.1536636 -1.3733454 
3.8177843 3.8419456 3.7837343 2.4432106 2.2035923 2.2186546 2.2739859 
-3.8472972 -2.5729246 -2.1447153 -1.3157601 -0.7041755 -0.1456461 -0.17121792 
0.23453617 -0.0038414 0.26734257 -1.596899 -1.7226629 -1.8256536 -1.5814791 
-1.582663 -1.2169943 -1.3083825 -1.4026499 -1.3891225 -1.5250473 -1.5785546 
-7.0249805 -6.498674 -5.404579 -6.8816276 -6.384369 -6.4963984 -6.125474 
5.757988 5.786908 6.1455307 4.4377155 4.3103724 4.2957954 4.333123 
0.66619587 0.31375694 0.8126116 0.413949 0.31270027 0.0679636 0.007649422 
0.015370369 0.55671597 -0.7091384 -1.9683328 -2.2011042 -1.9081059 -1.9695935 
0.82554436 0.7769661 0.8375292 0.18138218 -0.11791706 -0.19016647 -0.024126053 
2.8881025 3.1017742 2.6054058 1.6160984 1.6724739 1.9032145 1.8664427 
0.1349926 -0.07612324 -0.18460369 -0.77629423 -0.7675953 -0.5702443 -0.56540394 
5.727294 5.7626343 5.4864607 4.5875854 4.6112013 4.6233788 4.584285 
4.9240093 5.112398 5.053795 4.1777554 4.282486 4.26095 4.2875786 
0.4680195 0.3288498 0.35030842 -0.20882034 -0.25316334 -0.4975686 -0.452518 
5.5693216 5.6586447 5.3447847 4.94178 4.506426 4.5688143 4.821891 
2.738675 2.5644217 2.0114803 1.9933386 1.9877033 1.9748354 2.0363283 
4.878746 5.2368526 4.978609 3.689042 3.7213821 3.7585344 3.7453632 
-6.9966507 -6.456862 -5.065302 -5.3247786 -6.281782 -6.2001657 -5.7775054 
-2.8855925 -2.5807333 -2.6826138 -2.7329779 -2.889505 -3.4950929 -3.515256 
4.1760683 4.31882 4.240452 2.833437 3.0061922 3.084961 3.1565065 
3.572816 3.666809 3.7927227 3.2087107 2.8260918 2.9128132 2.9059277 
-0.62864876 -0.45165205 0.18952751 -1.5966768 -1.4418902 -1.21352 -1.1414042 
-2.3637342 -2.0085402 -2.0856676 -1.978106 -2.2998948 -2.2981277 -2.413396 
-3.8853703 -4.801341 -4.5475593 -4.2939777 -4.263301 -4.167869 -4.4219418 
0.36662006 0.24009418 0.31933212 -0.17359734 -0.45964575 -0.41329145 -0.31641245 
3.7536716 3.9185247 3.6033812 2.85746 3.0695314 2.930811 3.0073442 
4.0952415 4.1802397 4.3634386 4.7531757 4.8719997 4.867052 4.801759 
0.22041798 0.1357956 0.1095953 -1.2728457 -1.1429362 -1.1739378 -1.1268821 
2.8505592 2.9222012 2.748557 2.0670166 1.864603 1.8682499 1.9757681 
-6.9859 -6.4600983 -6.6692224 -6.829346 -6.324262 -6.4770784 -6.1124415 
2.8203201 -0.41801643 0.24202347 2.4271688 2.4100294 2.1723385 2.1517334 
0.97805023 0.7531862 0.929904 1.2619724 0.8627739 0.81771374 0.8987093 
1.8958292 1.3209143 1.4677153 1.6094666 1.499754 1.3423605 1.5308886 
0.67866135 0.7834749 0.40927124 -1.3122568 -1.8796854 -1.9031634 -1.8146262 
3.9068174 4.008381 3.924303 3.3995867 3.4735155 3.4167843 3.442192 
4.307165 4.7480345 4.4854536 3.7142544 3.667076 3.6989708 3.7307997 
5.1716137 4.892252 5.0994473 3.6485796 3.1117373 3.3990755 3.4369202 
9.242459 9.372083 9.28792 7.990036 8.123849 8.085103 8.090258 
-0.21452236 -0.57172775 -1.1803923 -1.038271 -0.79147863 -0.7861037 -0.79321766 
4.2965136 4.6600256 3.9753036 3.0447302 2.8036633 3.040615 3.0673199 
1.7035723 1.5936117 1.954812 1.7398882 1.7453165 1.6154842 1.6921444 
2.7802277 2.926793 2.8484812 1.9978313 1.8424702 1.8715162 1.899477 
-1.3269496 -1.6792321 -1.73809 -2.292848 -3.4566565 -2.5071392 -2.6990347 
1.0121479 0.8219738 0.8929424 1.4679413 1.5271568 1.5993147 1.6531401 
2.123129 2.1558638 2.6674109 1.8858719 1.9783497 1.7947941 1.8582535 
-7.031019 -6.460287 -6.7556524 -4.878051 -6.3687024 -4.448929 -5.047616 
-7.0252733 -6.4993744 -6.769534 -6.8798776 -5.4844418 -4.979231 -6.126148 
-2.1152925 -2.4890409 -2.4800425 -1.2314796 -0.9416609 -1.1194463 -1.2712855 
-3.164855 -2.4687285 -3.1417985 -2.1470232 -2.2641187 -2.850234 -2.420516 
4.69304 5.385949 4.7838764 5.547901 5.394168 5.4395905 5.4656963 
3.0267305 2.9967527 3.248023 2.3654966 2.1726475 2.2996187 2.3397617 
-4.36891 -4.2045374 -3.8725314 -5.042139 -5.3285074 -5.4611206 -5.7183 
-3.9123802 -4.950775 -4.4389296 -3.3439584 -2.7342415 -2.5128756 -2.762681 
-2.6839814 -2.379394 -2.323904 -3.4416752 -3.69133 -3.167997 -2.9698606 
-1.919538 -1.8889093 -2.8414025 -6.515399 -4.730635 -5.6955523 -5.6802216 
3.7392168 3.843975 3.3185873 1.6718178 1.779851 1.9156523 1.9584665 
-0.662045 -0.622766 -0.72264194 -2.3492846 -2.674728 -2.9934206 -2.5103502 
0.00494194 0.69240475 0.28063965 0.47754097 0.81007767 0.7663708 0.7703304 
-1.6684537 -1.5594792 -1.3376799 -0.48683643 -0.4911914 -0.45252132 -0.49695063 
-6.8245726 -6.1667705 -6.5060287 -6.659393 -6.2662153 -6.4202757 -6.037368 
-1.3541985 -1.5384717 -1.184639 0.14640522 0.36474514 0.5256691 0.5047684 
-2.40064 -2.6754522 -1.5499215 -2.0155892 -2.3134537 -2.573196 -2.3233833 
