15 71
15 147
155 71
155 147
50 201
220 147
220 201
141 71
107 71
43 146
180 71
2 201
164 201
160 33
160 71
160 147
160 201
7 71
77 71
77 147
137 33
150 33
150 147
84 147
191 147
186 147
236 147
236 201
75 243
75 33
75 71
75 147
75 201
29 243
29 33
29 71
29 147
29 201
96 243
96 33
96 71
96 147
96 201
244 243
244 33
244 71
244 147
244 201
171 209
171 220
171 72
171 42
171 190
171 2
171 164
171 91
171 98
171 77
171 189
171 150
171 84
171 90
171 31
171 16
171 206
171 118
171 85
171 126
171 162
171 224
171 14
171 231
171 71
171 163
171 142
171 241
171 139
171 207
171 228
171 234
171 52
171 88
171 115
171 245
171 225
171 86
171 39
171 147
171 177
171 68
171 60
171 28
171 63
171 237
171 194
171 66
171 119
171 120
171 18
171 59
171 123
171 0
171 197
171 242
171 104
171 202
171 166
171 156
171 239
171 218
171 198
171 233
171 116
171 170
171 229
171 97
171 213
106 71
106 147
90 71
90 147
16 71
16 147
129 147
206 71
206 147
61 71
61 147
105 71
105 147
105 201
113 71
113 147
113 201
8 71
8 147
17 71
17 147
224 147
243 205
243 43
243 42
243 160
243 91
243 137
243 191
243 17
243 74
243 122
243 71
243 184
243 142
243 225
243 57
243 127
243 169
243 194
243 124
243 181
243 158
243 11
243 56
243 199
243 45
243 176
243 238
243 97
33 98
33 75
33 17
33 192
33 162
33 108
33 117
33 135
33 196
33 119
33 44
33 9
33 153
33 170
101 33
24 71
93 71
143 71
143 147
172 71
231 243
231 71
152 201
71 100
71 144
71 160
71 91
71 150
71 84
71 244
71 215
71 192
71 145
71 246
71 71
71 19
71 241
71 3
71 208
71 207
71 21
71 35
71 52
71 88
71 125
71 134
71 39
71 147
71 177
71 217
71 114
71 196
71 23
71 119
71 219
71 47
71 227
71 0
71 197
71 232
71 46
71 235
71 97
71 193
71 213
163 33
163 71
163 147
240 171
19 71
208 243
207 147
228 147
179 147
48 147
12 147
21 147
36 147
234 147
140 147
35 171
195 71
195 147
109 33
109 71
109 201
130 71
130 147
37 71
125 243
125 147
125 201
134 33
4 71
4 201
39 33
147 209
147 164
147 98
147 84
147 67
147 20
147 117
147 19
147 207
147 37
147 148
147 49
147 135
147 114
147 119
147 18
147 182
147 131
147 10
147 227
147 167
147 242
147 121
147 199
147 110
147 218
147 46
147 204
147 235
147 176
147 13
147 99
147 87
177 71
111 33
111 71
111 201
1 33
1 71
1 201
165 33
165 71
165 201
127 171
127 71
127 147
127 201
95 71
76 71
223 71
103 71
60 71
60 147
60 201
159 71
159 147
135 71
226 71
82 71
169 71
6 71
22 71
28 71
63 201
27 71
27 147
27 201
114 71
114 147
114 201
66 147
119 243
119 33
119 71
119 201
89 33
89 71
89 147
53 33
219 171
58 171
32 71
112 33
112 71
112 147
112 201
188 71
188 201
83 71
83 201
62 71
62 201
47 71
59 71
59 147
30 71
30 147
30 201
70 71
70 147
124 71
173 171
10 33
10 71
10 147
128 147
128 201
210 147
210 201
158 147
158 201
221 33
221 71
221 147
221 201
123 71
123 201
51 71
51 201
183 147
69 33
0 243
0 33
0 71
0 147
0 201
167 243
167 33
167 71
167 147
167 201
197 243
197 33
197 71
197 147
197 201
56 243
56 33
56 71
56 147
56 201
201 205
201 209
201 100
201 185
201 220
201 107
201 42
201 178
201 2
201 164
201 160
201 91
201 98
201 137
201 150
201 84
201 191
201 171
201 31
201 16
201 206
201 17
201 65
201 126
201 25
201 162
201 224
201 14
201 231
201 71
201 163
201 149
201 19
201 241
201 3
201 139
201 207
201 38
201 228
201 21
201 234
201 115
201 245
201 225
201 125
201 212
201 5
201 39
201 211
201 57
201 147
201 177
201 127
201 68
201 95
201 223
201 60
201 135
201 226
201 82
201 28
201 63
201 66
201 119
201 53
201 219
201 138
201 112
201 47
201 59
201 70
201 124
201 173
201 181
201 131
201 10
201 154
201 227
201 216
201 0
201 197
201 201
201 242
201 104
201 202
201 199
201 146
201 45
201 156
201 64
201 239
201 55
201 218
201 40
201 233
201 116
201 235
201 170
201 176
201 174
201 238
201 97
201 13
201 102
201 41
201 213
201 87
34 71
242 243
242 147
242 201
121 243
121 71
121 147
121 201
78 71
151 71
151 147
146 155
146 205
146 50
146 222
146 214
146 203
146 100
146 220
146 144
146 164
146 91
146 98
146 77
146 150
146 84
146 129
146 113
146 17
146 192
146 94
146 162
146 224
146 108
146 74
146 122
146 24
146 231
146 246
146 71
146 20
146 117
146 184
146 142
146 241
146 3
146 21
146 88
146 130
146 26
146 225
146 79
146 37
146 4
146 86
146 212
146 157
146 5
146 211
146 127
146 49
146 60
146 135
146 22
146 27
146 237
146 194
146 66
146 80
146 53
146 219
146 32
146 47
146 59
146 173
146 128
146 154
146 183
146 187
146 216
146 56
146 104
146 78
146 232
146 156
146 239
146 46
146 116
146 235
146 97
146 73
146 102
146 54
146 193
146 213
175 171
92 171
92 147
136 33
136 71
136 201
156 243
156 33
156 71
156 147
81 33
81 71
81 147
64 33
64 71
64 147
198 201
230 201
46 201
168 71
132 71
132 147
40 71
153 33
153 71
153 147
233 71
235 243
235 33
170 243
170 33
170 147
176 33
238 71
238 201
97 243
97 71
97 147
97 201
73 71
133 33
13 33
13 71
13 147
99 201
102 243
102 71
200 33
200 71
200 147
200 201
193 243
193 33
193 71
193 147
161 33
213 171
