0.97 0.9 0.8181818181818182 0.9777777777777777 0.8571428571428572
0.99 1.0 0.9090909090909091 0.9888888888888889 0.9523809523809523
0.93 1.0 0.5882352941176471 0.9222222222222223 0.7407407407407407
0.9 1.0 0.5 0.8888888888888888 0.6666666666666666
0.97 1.0 0.7692307692307693 0.9666666666666667 0.8695652173913044
0.93 1.0 0.5882352941176471 0.9222222222222223 0.7407407407407407
0.96 1.0 0.7142857142857143 0.9555555555555556 0.8333333333333333
0.95 1.0 0.6666666666666666 0.9444444444444444 0.8
0.95 1.0 0.6666666666666666 0.9444444444444444 0.8
0.95 1.0 0.6666666666666666 0.9444444444444444 0.8
0.96 1.0 0.7142857142857143 0.9555555555555556 0.8333333333333333
0.98 1.0 0.8333333333333334 0.9777777777777777 0.9090909090909091
0.96 1.0 0.7142857142857143 0.9555555555555556 0.8333333333333333
0.95 1.0 0.6666666666666666 0.9444444444444444 0.8
0.92 1.0 0.5555555555555556 0.9111111111111111 0.7142857142857143
0.97 1.0 0.7692307692307693 0.9666666666666667 0.8695652173913044
0.96 1.0 0.7142857142857143 0.9555555555555556 0.8333333333333333
0.97 1.0 0.7692307692307693 0.9666666666666667 0.8695652173913044
0.95 1.0 0.6666666666666666 0.9444444444444444 0.8
0.96 0.8 0.8 0.9777777777777777 0.8000000000000002
0.96 1.0 0.7142857142857143 0.9555555555555556 0.8333333333333333
0.97 1.0 0.7692307692307693 0.9666666666666667 0.8695652173913044
0.97 1.0 0.7692307692307693 0.9666666666666667 0.8695652173913044
0.96 1.0 0.7142857142857143 0.9555555555555556 0.8333333333333333
0.94 1.0 0.625 0.9333333333333333 0.7692307692307693
0.94 1.0 0.625 0.9333333333333333 0.7692307692307693
1.0 1.0 1.0 1.0 1.0
0.96 1.0 0.7142857142857143 0.9555555555555556 0.8333333333333333
0.92 1.0 0.5555555555555556 0.9111111111111111 0.7142857142857143
0.98 1.0 0.8333333333333334 0.9777777777777777 0.9090909090909091
0.97 0.9 0.8181818181818182 0.9777777777777777 0.8571428571428572
0.99 1.0 0.9090909090909091 0.9888888888888889 0.9523809523809523
0.93 1.0 0.5882352941176471 0.9222222222222223 0.7407407407407407
0.9 1.0 0.5 0.8888888888888888 0.6666666666666666
0.97 1.0 0.7692307692307693 0.9666666666666667 0.8695652173913044
0.93 1.0 0.5882352941176471 0.9222222222222223 0.7407407407407407
0.96 1.0 0.7142857142857143 0.9555555555555556 0.8333333333333333
0.95 1.0 0.6666666666666666 0.9444444444444444 0.8
0.95 1.0 0.6666666666666666 0.9444444444444444 0.8
0.95 1.0 0.6666666666666666 0.9444444444444444 0.8
0.96 1.0 0.7142857142857143 0.9555555555555556 0.8333333333333333
0.98 1.0 0.8333333333333334 0.9777777777777777 0.9090909090909091
0.96 1.0 0.7142857142857143 0.9555555555555556 0.8333333333333333
0.95 1.0 0.6666666666666666 0.9444444444444444 0.8
0.92 1.0 0.5555555555555556 0.9111111111111111 0.7142857142857143
0.97 1.0 0.7692307692307693 0.9666666666666667 0.8695652173913044
0.96 1.0 0.7142857142857143 0.9555555555555556 0.8333333333333333
0.97 1.0 0.7692307692307693 0.9666666666666667 0.8695652173913044
0.95 1.0 0.6666666666666666 0.9444444444444444 0.8
0.96 0.8 0.8 0.9777777777777777 0.8000000000000002
0.96 1.0 0.7142857142857143 0.9555555555555556 0.8333333333333333
0.97 1.0 0.7692307692307693 0.9666666666666667 0.8695652173913044
0.97 1.0 0.7692307692307693 0.9666666666666667 0.8695652173913044
0.96 1.0 0.7142857142857143 0.9555555555555556 0.8333333333333333
0.94 1.0 0.625 0.9333333333333333 0.7692307692307693
0.94 1.0 0.625 0.9333333333333333 0.7692307692307693
1.0 1.0 1.0 1.0 1.0
0.96 1.0 0.7142857142857143 0.9555555555555556 0.8333333333333333
0.92 1.0 0.5555555555555556 0.9111111111111111 0.7142857142857143
0.98 1.0 0.8333333333333334 0.9777777777777777 0.9090909090909091
0.97 0.9 0.8181818181818182 0.9777777777777777 0.8571428571428572
0.99 1.0 0.9090909090909091 0.9888888888888889 0.9523809523809523
0.93 1.0 0.5882352941176471 0.9222222222222223 0.7407407407407407
0.9 1.0 0.5 0.8888888888888888 0.6666666666666666
0.97 1.0 0.7692307692307693 0.9666666666666667 0.8695652173913044
0.93 1.0 0.5882352941176471 0.9222222222222223 0.7407407407407407
0.96 1.0 0.7142857142857143 0.9555555555555556 0.8333333333333333
0.95 1.0 0.6666666666666666 0.9444444444444444 0.8
0.95 1.0 0.6666666666666666 0.9444444444444444 0.8
0.95 1.0 0.6666666666666666 0.9444444444444444 0.8
0.96 1.0 0.7142857142857143 0.9555555555555556 0.8333333333333333
0.98 1.0 0.8333333333333334 0.9777777777777777 0.9090909090909091
0.96 1.0 0.7142857142857143 0.9555555555555556 0.8333333333333333
0.95 1.0 0.6666666666666666 0.9444444444444444 0.8
0.92 1.0 0.5555555555555556 0.9111111111111111 0.7142857142857143
0.97 1.0 0.7692307692307693 0.9666666666666667 0.8695652173913044
0.96 1.0 0.7142857142857143 0.9555555555555556 0.8333333333333333
0.97 1.0 0.7692307692307693 0.9666666666666667 0.8695652173913044
0.95 1.0 0.6666666666666666 0.9444444444444444 0.8
0.96 0.8 0.8 0.9777777777777777 0.8000000000000002
0.96 1.0 0.7142857142857143 0.9555555555555556 0.8333333333333333
0.97 1.0 0.7692307692307693 0.9666666666666667 0.8695652173913044
0.97 1.0 0.7692307692307693 0.9666666666666667 0.8695652173913044
0.96 1.0 0.7142857142857143 0.9555555555555556 0.8333333333333333
0.94 1.0 0.625 0.9333333333333333 0.7692307692307693
0.94 1.0 0.625 0.9333333333333333 0.7692307692307693
1.0 1.0 1.0 1.0 1.0
0.96 1.0 0.7142857142857143 0.9555555555555556 0.8333333333333333
0.92 1.0 0.5555555555555556 0.9111111111111111 0.7142857142857143
0.98 1.0 0.8333333333333334 0.9777777777777777 0.9090909090909091
0.97 0.9 0.8181818181818182 0.9777777777777777 0.8571428571428572
0.99 1.0 0.9090909090909091 0.9888888888888889 0.9523809523809523
0.93 1.0 0.5882352941176471 0.9222222222222223 0.7407407407407407
0.9 1.0 0.5 0.8888888888888888 0.6666666666666666
0.97 1.0 0.7692307692307693 0.9666666666666667 0.8695652173913044
0.93 1.0 0.5882352941176471 0.9222222222222223 0.7407407407407407
0.96 1.0 0.7142857142857143 0.9555555555555556 0.8333333333333333
0.95 1.0 0.6666666666666666 0.9444444444444444 0.8
0.95 1.0 0.6666666666666666 0.9444444444444444 0.8
0.95 1.0 0.6666666666666666 0.9444444444444444 0.8
