0.96 0.7 0.875 0.9888888888888889 0.7777777777777777
0.97 0.7 1.0 1.0 0.8235294117647058
0.97 0.8 0.8888888888888888 0.9888888888888889 0.8421052631578948
0.98 0.8 1.0 1.0 0.888888888888889
0.98 0.8 1.0 1.0 0.888888888888889
0.99 0.9 1.0 1.0 0.9473684210526316
0.97 0.7 1.0 1.0 0.8235294117647058
1.0 1.0 1.0 1.0 1.0
0.98 0.8 1.0 1.0 0.888888888888889
0.98 0.8 1.0 1.0 0.888888888888889
0.99 0.9 1.0 1.0 0.9473684210526316
0.99 0.9 1.0 1.0 0.9473684210526316
0.95 0.5 1.0 1.0 0.6666666666666666
0.98 0.8 1.0 1.0 0.888888888888889
0.96 0.6 1.0 1.0 0.7499999999999999
1.0 1.0 1.0 1.0 1.0
0.97 0.7 1.0 1.0 0.8235294117647058
0.99 0.9 1.0 1.0 0.9473684210526316
0.98 0.8 1.0 1.0 0.888888888888889
0.97 0.7 1.0 1.0 0.8235294117647058
0.99 0.9 1.0 1.0 0.9473684210526316
0.97 0.7 1.0 1.0 0.8235294117647058
0.98 0.8 1.0 1.0 0.888888888888889
0.98 0.8 1.0 1.0 0.888888888888889
0.98 0.8 1.0 1.0 0.888888888888889
0.96 0.6 1.0 1.0 0.7499999999999999
0.99 0.9 1.0 1.0 0.9473684210526316
0.97 0.7 1.0 1.0 0.8235294117647058
0.99 0.9 1.0 1.0 0.9473684210526316
0.99 0.9 1.0 1.0 0.9473684210526316
0.96 0.7 0.875 0.9888888888888889 0.7777777777777777
0.97 0.7 1.0 1.0 0.8235294117647058
0.97 0.8 0.8888888888888888 0.9888888888888889 0.8421052631578948
0.98 0.8 1.0 1.0 0.888888888888889
0.98 0.8 1.0 1.0 0.888888888888889
0.99 0.9 1.0 1.0 0.9473684210526316
0.97 0.7 1.0 1.0 0.8235294117647058
1.0 1.0 1.0 1.0 1.0
0.98 0.8 1.0 1.0 0.888888888888889
0.98 0.8 1.0 1.0 0.888888888888889
0.99 0.9 1.0 1.0 0.9473684210526316
0.99 0.9 1.0 1.0 0.9473684210526316
0.95 0.5 1.0 1.0 0.6666666666666666
0.98 0.8 1.0 1.0 0.888888888888889
0.96 0.6 1.0 1.0 0.7499999999999999
1.0 1.0 1.0 1.0 1.0
0.97 0.7 1.0 1.0 0.8235294117647058
0.99 0.9 1.0 1.0 0.9473684210526316
0.98 0.8 1.0 1.0 0.888888888888889
0.97 0.7 1.0 1.0 0.8235294117647058
0.99 0.9 1.0 1.0 0.9473684210526316
0.97 0.7 1.0 1.0 0.8235294117647058
0.98 0.8 1.0 1.0 0.888888888888889
0.98 0.8 1.0 1.0 0.888888888888889
0.98 0.8 1.0 1.0 0.888888888888889
0.96 0.6 1.0 1.0 0.7499999999999999
0.99 0.9 1.0 1.0 0.9473684210526316
0.97 0.7 1.0 1.0 0.8235294117647058
0.99 0.9 1.0 1.0 0.9473684210526316
0.99 0.9 1.0 1.0 0.9473684210526316
0.96 0.7 0.875 0.9888888888888889 0.7777777777777777
0.97 0.7 1.0 1.0 0.8235294117647058
0.97 0.8 0.8888888888888888 0.9888888888888889 0.8421052631578948
0.98 0.8 1.0 1.0 0.888888888888889
0.98 0.8 1.0 1.0 0.888888888888889
0.99 0.9 1.0 1.0 0.9473684210526316
0.97 0.7 1.0 1.0 0.8235294117647058
1.0 1.0 1.0 1.0 1.0
0.98 0.8 1.0 1.0 0.888888888888889
0.98 0.8 1.0 1.0 0.888888888888889
0.99 0.9 1.0 1.0 0.9473684210526316
0.99 0.9 1.0 1.0 0.9473684210526316
0.95 0.5 1.0 1.0 0.6666666666666666
0.98 0.8 1.0 1.0 0.888888888888889
0.96 0.6 1.0 1.0 0.7499999999999999
1.0 1.0 1.0 1.0 1.0
0.97 0.7 1.0 1.0 0.8235294117647058
0.99 0.9 1.0 1.0 0.9473684210526316
0.98 0.8 1.0 1.0 0.888888888888889
0.97 0.7 1.0 1.0 0.8235294117647058
0.99 0.9 1.0 1.0 0.9473684210526316
0.97 0.7 1.0 1.0 0.8235294117647058
0.98 0.8 1.0 1.0 0.888888888888889
0.98 0.8 1.0 1.0 0.888888888888889
0.98 0.8 1.0 1.0 0.888888888888889
0.96 0.6 1.0 1.0 0.7499999999999999
0.99 0.9 1.0 1.0 0.9473684210526316
0.97 0.7 1.0 1.0 0.8235294117647058
0.99 0.9 1.0 1.0 0.9473684210526316
0.99 0.9 1.0 1.0 0.9473684210526316
0.96 0.7 0.875 0.9888888888888889 0.7777777777777777
0.97 0.7 1.0 1.0 0.8235294117647058
0.97 0.8 0.8888888888888888 0.9888888888888889 0.8421052631578948
0.98 0.8 1.0 1.0 0.888888888888889
0.98 0.8 1.0 1.0 0.888888888888889
0.99 0.9 1.0 1.0 0.9473684210526316
0.97 0.7 1.0 1.0 0.8235294117647058
1.0 1.0 1.0 1.0 1.0
0.98 0.8 1.0 1.0 0.888888888888889
0.98 0.8 1.0 1.0 0.888888888888889
