0.97 0.8 0.8888888888888888 0.9888888888888889 0.8421052631578948
0.98 0.8 1.0 1.0 0.888888888888889
0.99 0.9 1.0 1.0 0.9473684210526316
1.0 1.0 1.0 1.0 1.0
1.0 1.0 1.0 1.0 1.0
0.99 0.9 1.0 1.0 0.9473684210526316
1.0 1.0 1.0 1.0 1.0
0.99 1.0 0.9090909090909091 0.9888888888888889 0.9523809523809523
0.99 0.9 1.0 1.0 0.9473684210526316
1.0 1.0 1.0 1.0 1.0
0.99 1.0 0.9090909090909091 0.9888888888888889 0.9523809523809523
0.99 1.0 0.9090909090909091 0.9888888888888889 0.9523809523809523
0.97 0.7 1.0 1.0 0.8235294117647058
0.96 0.8 0.8 0.9777777777777777 0.8000000000000002
0.99 0.9 1.0 1.0 0.9473684210526316
1.0 1.0 1.0 1.0 1.0
0.98 0.9 0.9 0.9888888888888889 0.9
0.99 0.9 1.0 1.0 0.9473684210526316
0.99 0.9 1.0 1.0 0.9473684210526316
0.97 0.7 1.0 1.0 0.8235294117647058
1.0 1.0 1.0 1.0 1.0
1.0 1.0 1.0 1.0 1.0
0.99 0.9 1.0 1.0 0.9473684210526316
0.97 0.8 0.8888888888888888 0.9888888888888889 0.8421052631578948
0.99 1.0 0.9090909090909091 0.9888888888888889 0.9523809523809523
0.99 1.0 0.9090909090909091 0.9888888888888889 0.9523809523809523
0.99 0.9 1.0 1.0 0.9473684210526316
0.99 0.9 1.0 1.0 0.9473684210526316
1.0 1.0 1.0 1.0 1.0
1.0 1.0 1.0 1.0 1.0
0.97 0.8 0.8888888888888888 0.9888888888888889 0.8421052631578948
0.98 0.8 1.0 1.0 0.888888888888889
0.99 0.9 1.0 1.0 0.9473684210526316
1.0 1.0 1.0 1.0 1.0
1.0 1.0 1.0 1.0 1.0
0.99 0.9 1.0 1.0 0.9473684210526316
1.0 1.0 1.0 1.0 1.0
0.99 1.0 0.9090909090909091 0.9888888888888889 0.9523809523809523
0.99 0.9 1.0 1.0 0.9473684210526316
1.0 1.0 1.0 1.0 1.0
0.99 1.0 0.9090909090909091 0.9888888888888889 0.9523809523809523
0.99 1.0 0.9090909090909091 0.9888888888888889 0.9523809523809523
0.97 0.7 1.0 1.0 0.8235294117647058
0.96 0.8 0.8 0.9777777777777777 0.8000000000000002
0.99 0.9 1.0 1.0 0.9473684210526316
1.0 1.0 1.0 1.0 1.0
0.98 0.9 0.9 0.9888888888888889 0.9
0.99 0.9 1.0 1.0 0.9473684210526316
0.99 0.9 1.0 1.0 0.9473684210526316
0.97 0.7 1.0 1.0 0.8235294117647058
1.0 1.0 1.0 1.0 1.0
1.0 1.0 1.0 1.0 1.0
0.99 0.9 1.0 1.0 0.9473684210526316
0.97 0.8 0.8888888888888888 0.9888888888888889 0.8421052631578948
0.99 1.0 0.9090909090909091 0.9888888888888889 0.9523809523809523
0.99 1.0 0.9090909090909091 0.9888888888888889 0.9523809523809523
0.99 0.9 1.0 1.0 0.9473684210526316
0.99 0.9 1.0 1.0 0.9473684210526316
1.0 1.0 1.0 1.0 1.0
1.0 1.0 1.0 1.0 1.0
0.97 0.8 0.8888888888888888 0.9888888888888889 0.8421052631578948
0.98 0.8 1.0 1.0 0.888888888888889
0.99 0.9 1.0 1.0 0.9473684210526316
1.0 1.0 1.0 1.0 1.0
1.0 1.0 1.0 1.0 1.0
0.99 0.9 1.0 1.0 0.9473684210526316
1.0 1.0 1.0 1.0 1.0
0.99 1.0 0.9090909090909091 0.9888888888888889 0.9523809523809523
0.99 0.9 1.0 1.0 0.9473684210526316
1.0 1.0 1.0 1.0 1.0
0.99 1.0 0.9090909090909091 0.9888888888888889 0.9523809523809523
0.99 1.0 0.9090909090909091 0.9888888888888889 0.9523809523809523
0.97 0.7 1.0 1.0 0.8235294117647058
0.96 0.8 0.8 0.9777777777777777 0.8000000000000002
0.99 0.9 1.0 1.0 0.9473684210526316
1.0 1.0 1.0 1.0 1.0
0.98 0.9 0.9 0.9888888888888889 0.9
0.99 0.9 1.0 1.0 0.9473684210526316
0.99 0.9 1.0 1.0 0.9473684210526316
0.97 0.7 1.0 1.0 0.8235294117647058
1.0 1.0 1.0 1.0 1.0
1.0 1.0 1.0 1.0 1.0
0.99 0.9 1.0 1.0 0.9473684210526316
0.97 0.8 0.8888888888888888 0.9888888888888889 0.8421052631578948
0.99 1.0 0.9090909090909091 0.9888888888888889 0.9523809523809523
0.99 1.0 0.9090909090909091 0.9888888888888889 0.9523809523809523
0.99 0.9 1.0 1.0 0.9473684210526316
0.99 0.9 1.0 1.0 0.9473684210526316
1.0 1.0 1.0 1.0 1.0
1.0 1.0 1.0 1.0 1.0
0.97 0.8 0.8888888888888888 0.9888888888888889 0.8421052631578948
0.98 0.8 1.0 1.0 0.888888888888889
0.99 0.9 1.0 1.0 0.9473684210526316
1.0 1.0 1.0 1.0 1.0
1.0 1.0 1.0 1.0 1.0
0.99 0.9 1.0 1.0 0.9473684210526316
1.0 1.0 1.0 1.0 1.0
0.99 1.0 0.9090909090909091 0.9888888888888889 0.9523809523809523
0.99 0.9 1.0 1.0 0.9473684210526316
1.0 1.0 1.0 1.0 1.0
