0.99 0.9 1.0 1.0 0.9473684210526316
0.99 0.9 1.0 1.0 0.9473684210526316
0.99 1.0 0.9090909090909091 0.9888888888888889 0.9523809523809523
0.99 1.0 0.9090909090909091 0.9888888888888889 0.9523809523809523
0.98 0.9 0.9 0.9888888888888889 0.9
0.98 0.8 1.0 1.0 0.888888888888889
0.99 1.0 0.9090909090909091 0.9888888888888889 0.9523809523809523
0.98 0.9 0.9 0.9888888888888889 0.9
0.99 0.9 1.0 1.0 0.9473684210526316
0.98 0.8 1.0 1.0 0.888888888888889
0.98 1.0 0.8333333333333334 0.9777777777777777 0.9090909090909091
1.0 1.0 1.0 1.0 1.0
0.97 0.7 1.0 1.0 0.8235294117647058
0.97 0.9 0.8181818181818182 0.9777777777777777 0.8571428571428572
0.99 1.0 0.9090909090909091 0.9888888888888889 0.9523809523809523
1.0 1.0 1.0 1.0 1.0
0.98 0.9 0.9 0.9888888888888889 0.9
0.98 0.8 1.0 1.0 0.888888888888889
0.99 0.9 1.0 1.0 0.9473684210526316
0.96 0.7 0.875 0.9888888888888889 0.7777777777777777
1.0 1.0 1.0 1.0 1.0
0.99 0.9 1.0 1.0 0.9473684210526316
0.97 0.8 0.8888888888888888 0.9888888888888889 0.8421052631578948
0.97 0.8 0.8888888888888888 0.9888888888888889 0.8421052631578948
0.98 0.9 0.9 0.9888888888888889 0.9
0.99 1.0 0.9090909090909091 0.9888888888888889 0.9523809523809523
0.99 0.9 1.0 1.0 0.9473684210526316
0.98 0.9 0.9 0.9888888888888889 0.9
1.0 1.0 1.0 1.0 1.0
0.99 0.9 1.0 1.0 0.9473684210526316
0.99 0.9 1.0 1.0 0.9473684210526316
0.99 0.9 1.0 1.0 0.9473684210526316
0.99 1.0 0.9090909090909091 0.9888888888888889 0.9523809523809523
0.99 1.0 0.9090909090909091 0.9888888888888889 0.9523809523809523
0.98 0.9 0.9 0.9888888888888889 0.9
0.98 0.8 1.0 1.0 0.888888888888889
0.99 1.0 0.9090909090909091 0.9888888888888889 0.9523809523809523
0.98 0.9 0.9 0.9888888888888889 0.9
0.99 0.9 1.0 1.0 0.9473684210526316
0.98 0.8 1.0 1.0 0.888888888888889
0.98 1.0 0.8333333333333334 0.9777777777777777 0.9090909090909091
1.0 1.0 1.0 1.0 1.0
0.97 0.7 1.0 1.0 0.8235294117647058
0.97 0.9 0.8181818181818182 0.9777777777777777 0.8571428571428572
0.99 1.0 0.9090909090909091 0.9888888888888889 0.9523809523809523
1.0 1.0 1.0 1.0 1.0
0.98 0.9 0.9 0.9888888888888889 0.9
0.98 0.8 1.0 1.0 0.888888888888889
0.99 0.9 1.0 1.0 0.9473684210526316
0.96 0.7 0.875 0.9888888888888889 0.7777777777777777
1.0 1.0 1.0 1.0 1.0
0.99 0.9 1.0 1.0 0.9473684210526316
0.97 0.8 0.8888888888888888 0.9888888888888889 0.8421052631578948
0.97 0.8 0.8888888888888888 0.9888888888888889 0.8421052631578948
0.98 0.9 0.9 0.9888888888888889 0.9
0.99 1.0 0.9090909090909091 0.9888888888888889 0.9523809523809523
0.99 0.9 1.0 1.0 0.9473684210526316
0.98 0.9 0.9 0.9888888888888889 0.9
1.0 1.0 1.0 1.0 1.0
0.99 0.9 1.0 1.0 0.9473684210526316
0.99 0.9 1.0 1.0 0.9473684210526316
0.99 0.9 1.0 1.0 0.9473684210526316
0.99 1.0 0.9090909090909091 0.9888888888888889 0.9523809523809523
0.99 1.0 0.9090909090909091 0.9888888888888889 0.9523809523809523
0.98 0.9 0.9 0.9888888888888889 0.9
0.98 0.8 1.0 1.0 0.888888888888889
0.99 1.0 0.9090909090909091 0.9888888888888889 0.9523809523809523
0.98 0.9 0.9 0.9888888888888889 0.9
0.99 0.9 1.0 1.0 0.9473684210526316
0.98 0.8 1.0 1.0 0.888888888888889
0.98 1.0 0.8333333333333334 0.9777777777777777 0.9090909090909091
1.0 1.0 1.0 1.0 1.0
0.97 0.7 1.0 1.0 0.8235294117647058
0.97 0.9 0.8181818181818182 0.9777777777777777 0.8571428571428572
0.99 1.0 0.9090909090909091 0.9888888888888889 0.9523809523809523
1.0 1.0 1.0 1.0 1.0
0.98 0.9 0.9 0.9888888888888889 0.9
0.98 0.8 1.0 1.0 0.888888888888889
0.99 0.9 1.0 1.0 0.9473684210526316
0.96 0.7 0.875 0.9888888888888889 0.7777777777777777
1.0 1.0 1.0 1.0 1.0
0.99 0.9 1.0 1.0 0.9473684210526316
0.97 0.8 0.8888888888888888 0.9888888888888889 0.8421052631578948
0.97 0.8 0.8888888888888888 0.9888888888888889 0.8421052631578948
0.98 0.9 0.9 0.9888888888888889 0.9
0.99 1.0 0.9090909090909091 0.9888888888888889 0.9523809523809523
0.99 0.9 1.0 1.0 0.9473684210526316
0.98 0.9 0.9 0.9888888888888889 0.9
1.0 1.0 1.0 1.0 1.0
0.99 0.9 1.0 1.0 0.9473684210526316
0.99 0.9 1.0 1.0 0.9473684210526316
0.99 0.9 1.0 1.0 0.9473684210526316
0.99 1.0 0.9090909090909091 0.9888888888888889 0.9523809523809523
0.99 1.0 0.9090909090909091 0.9888888888888889 0.9523809523809523
0.98 0.9 0.9 0.9888888888888889 0.9
0.98 0.8 1.0 1.0 0.888888888888889
0.99 1.0 0.9090909090909091 0.9888888888888889 0.9523809523809523
0.98 0.9 0.9 0.9888888888888889 0.9
0.99 0.9 1.0 1.0 0.9473684210526316
0.98 0.8 1.0 1.0 0.888888888888889
column 1
column 2
column 3
column 4
column 5
