0.96 0.6 1.0 1.0 0.7499999999999999
0.95 0.5 1.0 1.0 0.6666666666666666
0.95 0.5 1.0 1.0 0.6666666666666666
0.98 0.8 1.0 1.0 0.888888888888889
0.95 0.5 1.0 1.0 0.6666666666666666
0.97 0.7 1.0 1.0 0.8235294117647058
0.94 0.4 1.0 1.0 0.5714285714285715
0.97 0.7 1.0 1.0 0.8235294117647058
0.96 0.6 1.0 1.0 0.7499999999999999
0.96 0.6 1.0 1.0 0.7499999999999999
0.98 0.8 1.0 1.0 0.888888888888889
0.94 0.4 1.0 1.0 0.5714285714285715
0.93 0.3 1.0 1.0 0.4615384615384615
0.96 0.6 1.0 1.0 0.7499999999999999
0.96 0.6 1.0 1.0 0.7499999999999999
0.99 0.9 1.0 1.0 0.9473684210526316
0.94 0.4 1.0 1.0 0.5714285714285715
0.94 0.4 1.0 1.0 0.5714285714285715
0.97 0.7 1.0 1.0 0.8235294117647058
0.96 0.6 1.0 1.0 0.7499999999999999
0.96 0.6 1.0 1.0 0.7499999999999999
0.94 0.4 1.0 1.0 0.5714285714285715
0.97 0.7 1.0 1.0 0.8235294117647058
0.96 0.6 1.0 1.0 0.7499999999999999
0.97 0.7 1.0 1.0 0.8235294117647058
0.94 0.4 1.0 1.0 0.5714285714285715
0.98 0.8 1.0 1.0 0.888888888888889
0.95 0.5 1.0 1.0 0.6666666666666666
0.96 0.6 1.0 1.0 0.7499999999999999
0.96 0.6 1.0 1.0 0.7499999999999999
0.96 0.6 1.0 1.0 0.7499999999999999
0.95 0.5 1.0 1.0 0.6666666666666666
0.95 0.5 1.0 1.0 0.6666666666666666
0.98 0.8 1.0 1.0 0.888888888888889
0.95 0.5 1.0 1.0 0.6666666666666666
0.97 0.7 1.0 1.0 0.8235294117647058
0.94 0.4 1.0 1.0 0.5714285714285715
0.97 0.7 1.0 1.0 0.8235294117647058
0.96 0.6 1.0 1.0 0.7499999999999999
0.96 0.6 1.0 1.0 0.7499999999999999
0.98 0.8 1.0 1.0 0.888888888888889
0.94 0.4 1.0 1.0 0.5714285714285715
0.93 0.3 1.0 1.0 0.4615384615384615
0.96 0.6 1.0 1.0 0.7499999999999999
0.96 0.6 1.0 1.0 0.7499999999999999
0.99 0.9 1.0 1.0 0.9473684210526316
0.94 0.4 1.0 1.0 0.5714285714285715
0.94 0.4 1.0 1.0 0.5714285714285715
0.97 0.7 1.0 1.0 0.8235294117647058
0.96 0.6 1.0 1.0 0.7499999999999999
0.96 0.6 1.0 1.0 0.7499999999999999
0.94 0.4 1.0 1.0 0.5714285714285715
0.97 0.7 1.0 1.0 0.8235294117647058
0.96 0.6 1.0 1.0 0.7499999999999999
0.97 0.7 1.0 1.0 0.8235294117647058
0.94 0.4 1.0 1.0 0.5714285714285715
0.98 0.8 1.0 1.0 0.888888888888889
0.95 0.5 1.0 1.0 0.6666666666666666
0.96 0.6 1.0 1.0 0.7499999999999999
0.96 0.6 1.0 1.0 0.7499999999999999
0.96 0.6 1.0 1.0 0.7499999999999999
0.95 0.5 1.0 1.0 0.6666666666666666
0.95 0.5 1.0 1.0 0.6666666666666666
0.98 0.8 1.0 1.0 0.888888888888889
0.95 0.5 1.0 1.0 0.6666666666666666
0.97 0.7 1.0 1.0 0.8235294117647058
0.94 0.4 1.0 1.0 0.5714285714285715
0.97 0.7 1.0 1.0 0.8235294117647058
0.96 0.6 1.0 1.0 0.7499999999999999
0.96 0.6 1.0 1.0 0.7499999999999999
0.98 0.8 1.0 1.0 0.888888888888889
0.94 0.4 1.0 1.0 0.5714285714285715
0.93 0.3 1.0 1.0 0.4615384615384615
0.96 0.6 1.0 1.0 0.7499999999999999
0.96 0.6 1.0 1.0 0.7499999999999999
0.99 0.9 1.0 1.0 0.9473684210526316
0.94 0.4 1.0 1.0 0.5714285714285715
0.94 0.4 1.0 1.0 0.5714285714285715
0.97 0.7 1.0 1.0 0.8235294117647058
0.96 0.6 1.0 1.0 0.7499999999999999
0.96 0.6 1.0 1.0 0.7499999999999999
0.94 0.4 1.0 1.0 0.5714285714285715
0.97 0.7 1.0 1.0 0.8235294117647058
0.96 0.6 1.0 1.0 0.7499999999999999
0.97 0.7 1.0 1.0 0.8235294117647058
0.94 0.4 1.0 1.0 0.5714285714285715
0.98 0.8 1.0 1.0 0.888888888888889
0.95 0.5 1.0 1.0 0.6666666666666666
0.96 0.6 1.0 1.0 0.7499999999999999
0.96 0.6 1.0 1.0 0.7499999999999999
0.96 0.6 1.0 1.0 0.7499999999999999
0.95 0.5 1.0 1.0 0.6666666666666666
0.95 0.5 1.0 1.0 0.6666666666666666
0.98 0.8 1.0 1.0 0.888888888888889
0.95 0.5 1.0 1.0 0.6666666666666666
0.97 0.7 1.0 1.0 0.8235294117647058
0.94 0.4 1.0 1.0 0.5714285714285715
0.97 0.7 1.0 1.0 0.8235294117647058
0.96 0.6 1.0 1.0 0.7499999999999999
0.96 0.6 1.0 1.0 0.7499999999999999
