0.76 0.6 0.6 0.8285714285714286 0.6 0.9 0.8333333333333334 0.8333333333333334 0.9285714285714286 0.8333333333333334 0.92 0.8666666666666667 0.8666666666666667 0.9428571428571428 0.8666666666666667
0.72 0.5333333333333333 0.5333333333333333 0.8 0.5333333333333333 0.96 0.9333333333333333 0.9333333333333333 0.9714285714285714 0.9333333333333333 0.96 0.9333333333333333 0.9333333333333333 0.9714285714285714 0.9333333333333333
0.68 0.4666666666666667 0.4666666666666667 0.7714285714285715 0.4666666666666667 0.9 0.8333333333333334 0.8333333333333334 0.9285714285714286 0.8333333333333334 0.98 0.9666666666666667 0.9666666666666667 0.9857142857142858 0.9666666666666667
0.7 0.5 0.5 0.7857142857142857 0.5 0.88 0.8 0.8 0.9142857142857143 0.8000000000000002 0.98 0.9666666666666667 0.9666666666666667 0.9857142857142858 0.9666666666666667
0.6 0.3333333333333333 0.3333333333333333 0.7142857142857143 0.3333333333333333 0.92 0.8666666666666667 0.8666666666666667 0.9428571428571428 0.8666666666666667 0.88 0.8 0.8 0.9142857142857143 0.8000000000000002
0.58 0.3 0.3 0.7 0.3 0.94 0.9 0.9 0.9571428571428572 0.9 0.9 0.8333333333333334 0.8333333333333334 0.9285714285714286 0.8333333333333334
0.64 0.4 0.4 0.7428571428571429 0.4000000000000001 0.9 0.8333333333333334 0.8333333333333334 0.9285714285714286 0.8333333333333334 0.94 0.9 0.9 0.9571428571428572 0.9
0.66 0.43333333333333335 0.43333333333333335 0.7571428571428571 0.43333333333333335 0.86 0.7666666666666667 0.7666666666666667 0.9 0.7666666666666667 0.96 0.9333333333333333 0.9333333333333333 0.9714285714285714 0.9333333333333333
0.74 0.5666666666666667 0.5666666666666667 0.8142857142857143 0.5666666666666667 0.92 0.8666666666666667 0.8666666666666667 0.9428571428571428 0.8666666666666667 0.88 0.8 0.8 0.9142857142857143 0.8000000000000002
0.62 0.36666666666666664 0.36666666666666664 0.7285714285714285 0.36666666666666664 0.92 0.8666666666666667 0.8666666666666667 0.9428571428571428 0.8666666666666667 0.92 0.8666666666666667 0.8666666666666667 0.9428571428571428 0.8666666666666667
0.64 0.4 0.4 0.7428571428571429 0.4000000000000001 0.9 0.8333333333333334 0.8333333333333334 0.9285714285714286 0.8333333333333334 0.96 0.9333333333333333 0.9333333333333333 0.9714285714285714 0.9333333333333333
0.72 0.5333333333333333 0.5333333333333333 0.8 0.5333333333333333 0.9 0.8333333333333334 0.8333333333333334 0.9285714285714286 0.8333333333333334 0.98 0.9666666666666667 0.9666666666666667 0.9857142857142858 0.9666666666666667
0.68 0.4666666666666667 0.4666666666666667 0.7714285714285715 0.4666666666666667 0.84 0.7333333333333333 0.7333333333333333 0.8857142857142857 0.7333333333333333 0.94 0.9 0.9 0.9571428571428572 0.9
0.74 0.5666666666666667 0.5666666666666667 0.8142857142857143 0.5666666666666667 0.98 0.9666666666666667 0.9666666666666667 0.9857142857142858 0.9666666666666667 0.98 0.9666666666666667 0.9666666666666667 0.9857142857142858 0.9666666666666667
0.6 0.3333333333333333 0.3333333333333333 0.7142857142857143 0.3333333333333333 0.92 0.8666666666666667 0.8666666666666667 0.9428571428571428 0.8666666666666667 0.88 0.8 0.8 0.9142857142857143 0.8000000000000002
0.68 0.4666666666666667 0.4666666666666667 0.7714285714285715 0.4666666666666667 0.94 0.9 0.9 0.9571428571428572 0.9 0.96 0.9333333333333333 0.9333333333333333 0.9714285714285714 0.9333333333333333
0.76 0.6 0.6 0.8285714285714286 0.6 0.92 0.8666666666666667 0.8666666666666667 0.9428571428571428 0.8666666666666667 0.92 0.8666666666666667 0.8666666666666667 0.9428571428571428 0.8666666666666667
0.8 0.6666666666666666 0.6666666666666666 0.8571428571428571 0.6666666666666666 0.9 0.8333333333333334 0.8333333333333334 0.9285714285714286 0.8333333333333334 0.94 0.9 0.9 0.9571428571428572 0.9
0.74 0.5666666666666667 0.5666666666666667 0.8142857142857143 0.5666666666666667 0.88 0.8 0.8 0.9142857142857143 0.8000000000000002 0.88 0.8 0.8 0.9142857142857143 0.8000000000000002
0.74 0.5666666666666667 0.5666666666666667 0.8142857142857143 0.5666666666666667 0.96 0.9333333333333333 0.9333333333333333 0.9714285714285714 0.9333333333333333 0.92 0.8666666666666667 0.8666666666666667 0.9428571428571428 0.8666666666666667
0.72 0.5333333333333333 0.5333333333333333 0.8 0.5333333333333333 0.9 0.8333333333333334 0.8333333333333334 0.9285714285714286 0.8333333333333334 0.98 0.9666666666666667 0.9666666666666667 0.9857142857142858 0.9666666666666667
0.7 0.5 0.5 0.7857142857142857 0.5 0.9 0.8333333333333334 0.8333333333333334 0.9285714285714286 0.8333333333333334 0.98 0.9666666666666667 0.9666666666666667 0.9857142857142858 0.9666666666666667
0.72 0.5333333333333333 0.5333333333333333 0.8 0.5333333333333333 0.86 0.7666666666666667 0.7666666666666667 0.9 0.7666666666666667 0.92 0.8666666666666667 0.8666666666666667 0.9428571428571428 0.8666666666666667
0.64 0.4 0.4 0.7428571428571429 0.4000000000000001 0.98 0.9666666666666667 0.9666666666666667 0.9857142857142858 0.9666666666666667 0.92 0.8666666666666667 0.8666666666666667 0.9428571428571428 0.8666666666666667
0.66 0.43333333333333335 0.43333333333333335 0.7571428571428571 0.43333333333333335 0.9 0.8333333333333334 0.8333333333333334 0.9285714285714286 0.8333333333333334 0.96 0.9333333333333333 0.9333333333333333 0.9714285714285714 0.9333333333333333
0.68 0.4666666666666667 0.4666666666666667 0.7714285714285715 0.4666666666666667 0.92 0.8666666666666667 0.8666666666666667 0.9428571428571428 0.8666666666666667 0.92 0.8666666666666667 0.8666666666666667 0.9428571428571428 0.8666666666666667
0.78 0.6333333333333333 0.6333333333333333 0.8428571428571429 0.6333333333333333 0.92 0.8666666666666667 0.8666666666666667 0.9428571428571428 0.8666666666666667 0.88 0.8 0.8 0.9142857142857143 0.8000000000000002
0.7 0.5 0.5 0.7857142857142857 0.5 0.88 0.8 0.8 0.9142857142857143 0.8000000000000002 0.94 0.9 0.9 0.9571428571428572 0.9
0.66 0.43333333333333335 0.43333333333333335 0.7571428571428571 0.43333333333333335 0.9 0.8333333333333334 0.8333333333333334 0.9285714285714286 0.8333333333333334 0.96 0.9333333333333333 0.9333333333333333 0.9714285714285714 0.9333333333333333
0.62 0.36666666666666664 0.36666666666666664 0.7285714285714285 0.36666666666666664 0.96 0.9333333333333333 0.9333333333333333 0.9714285714285714 0.9333333333333333 0.9 0.8333333333333334 0.8333333333333334 0.9285714285714286 0.8333333333333334
0.72 0.5333333333333333 0.5333333333333333 0.8 0.5333333333333333 0.88 0.8 0.8 0.9142857142857143 0.8000000000000002 0.92 0.8666666666666667 0.8666666666666667 0.9428571428571428 0.8666666666666667
0.72 0.5333333333333333 0.5333333333333333 0.8 0.5333333333333333 0.9 0.8333333333333334 0.8333333333333334 0.9285714285714286 0.8333333333333334 0.94 0.9 0.9 0.9571428571428572 0.9
0.7 0.5 0.5 0.7857142857142857 0.5 0.9 0.8333333333333334 0.8333333333333334 0.9285714285714286 0.8333333333333334 0.9 0.8333333333333334 0.8333333333333334 0.9285714285714286 0.8333333333333334
0.68 0.4666666666666667 0.4666666666666667 0.7714285714285715 0.4666666666666667 0.94 0.9 0.9 0.9571428571428572 0.9 0.94 0.9 0.9 0.9571428571428572 0.9
0.7 0.5 0.5 0.7857142857142857 0.5 0.9 0.8333333333333334 0.8333333333333334 0.9285714285714286 0.8333333333333334 0.94 0.9 0.9 0.9571428571428572 0.9
0.66 0.43333333333333335 0.43333333333333335 0.7571428571428571 0.43333333333333335 0.9 0.8333333333333334 0.8333333333333334 0.9285714285714286 0.8333333333333334 0.92 0.8666666666666667 0.8666666666666667 0.9428571428571428 0.8666666666666667
0.58 0.3 0.3 0.7 0.3 0.9 0.8333333333333334 0.8333333333333334 0.9285714285714286 0.8333333333333334 0.9 0.8333333333333334 0.8333333333333334 0.9285714285714286 0.8333333333333334
0.66 0.43333333333333335 0.43333333333333335 0.7571428571428571 0.43333333333333335 0.9 0.8333333333333334 0.8333333333333334 0.9285714285714286 0.8333333333333334 0.92 0.8666666666666667 0.8666666666666667 0.9428571428571428 0.8666666666666667
0.62 0.36666666666666664 0.36666666666666664 0.7285714285714285 0.36666666666666664 0.94 0.9 0.9 0.9571428571428572 0.9 0.98 0.9666666666666667 0.9666666666666667 0.9857142857142858 0.9666666666666667
0.72 0.5333333333333333 0.5333333333333333 0.8 0.5333333333333333 0.92 0.8666666666666667 0.8666666666666667 0.9428571428571428 0.8666666666666667 0.96 0.9333333333333333 0.9333333333333333 0.9714285714285714 0.9333333333333333
0.76 0.6 0.6 0.8285714285714286 0.6 0.92 0.8666666666666667 0.8666666666666667 0.9428571428571428 0.8666666666666667 0.9 0.8333333333333334 0.8333333333333334 0.9285714285714286 0.8333333333333334
0.74 0.5666666666666667 0.5666666666666667 0.8142857142857143 0.5666666666666667 0.96 0.9333333333333333 0.9333333333333333 0.9714285714285714 0.9333333333333333 0.92 0.8666666666666667 0.8666666666666667 0.9428571428571428 0.8666666666666667
0.64 0.4 0.4 0.7428571428571429 0.4000000000000001 0.86 0.7666666666666667 0.7666666666666667 0.9 0.7666666666666667 0.94 0.9 0.9 0.9571428571428572 0.9
0.68 0.4666666666666667 0.4666666666666667 0.7714285714285715 0.4666666666666667 0.88 0.8 0.8 0.9142857142857143 0.8000000000000002 1.0 1.0 1.0 1.0 1.0
0.76 0.6 0.6 0.8285714285714286 0.6 0.9 0.8333333333333334 0.8333333333333334 0.9285714285714286 0.8333333333333334 0.94 0.9 0.9 0.9571428571428572 0.9
0.72 0.5333333333333333 0.5333333333333333 0.8 0.5333333333333333 0.94 0.9 0.9 0.9571428571428572 0.9 1.0 1.0 1.0 1.0 1.0
0.74 0.5666666666666667 0.5666666666666667 0.8142857142857143 0.5666666666666667 0.92 0.8666666666666667 0.8666666666666667 0.9428571428571428 0.8666666666666667 0.94 0.9 0.9 0.9571428571428572 0.9
0.6 0.3333333333333333 0.3333333333333333 0.7142857142857143 0.3333333333333333 0.9 0.8333333333333334 0.8333333333333334 0.9285714285714286 0.8333333333333334 0.9 0.8333333333333334 0.8333333333333334 0.9285714285714286 0.8333333333333334
0.76 0.6 0.6 0.8285714285714286 0.6 0.94 0.9 0.9 0.9571428571428572 0.9 0.96 0.9333333333333333 0.9333333333333333 0.9714285714285714 0.9333333333333333
0.66 0.43333333333333335 0.43333333333333335 0.7571428571428571 0.43333333333333335 0.88 0.8 0.8 0.9142857142857143 0.8000000000000002 0.96 0.9333333333333333 0.9333333333333333 0.9714285714285714 0.9333333333333333
0.66 0.43333333333333335 0.43333333333333335 0.7571428571428571 0.43333333333333335 0.88 0.8 0.8 0.9142857142857143 0.8000000000000002 0.94 0.9 0.9 0.9571428571428572 0.9
0.62 0.36666666666666664 0.36666666666666664 0.7285714285714285 0.36666666666666664 0.9 0.8333333333333334 0.8333333333333334 0.9285714285714286 0.8333333333333334 0.96 0.9333333333333333 0.9333333333333333 0.9714285714285714 0.9333333333333333
0.74 0.5666666666666667 0.5666666666666667 0.8142857142857143 0.5666666666666667 0.88 0.8 0.8 0.9142857142857143 0.8000000000000002 0.94 0.9 0.9 0.9571428571428572 0.9
0.62 0.36666666666666664 0.36666666666666664 0.7285714285714285 0.36666666666666664 0.86 0.7666666666666667 0.7666666666666667 0.9 0.7666666666666667 0.98 0.9666666666666667 0.9666666666666667 0.9857142857142858 0.9666666666666667
0.72 0.5333333333333333 0.5333333333333333 0.8 0.5333333333333333 0.88 0.8 0.8 0.9142857142857143 0.8000000000000002 0.96 0.9333333333333333 0.9333333333333333 0.9714285714285714 0.9333333333333333
0.72 0.5333333333333333 0.5333333333333333 0.8 0.5333333333333333 0.9 0.8333333333333334 0.8333333333333334 0.9285714285714286 0.8333333333333334 0.82 0.7 0.7 0.8714285714285714 0.7
0.62 0.36666666666666664 0.36666666666666664 0.7285714285714285 0.36666666666666664 0.92 0.8666666666666667 0.8666666666666667 0.9428571428571428 0.8666666666666667 0.92 0.8666666666666667 0.8666666666666667 0.9428571428571428 0.8666666666666667
0.66 0.43333333333333335 0.43333333333333335 0.7571428571428571 0.43333333333333335 0.92 0.8666666666666667 0.8666666666666667 0.9428571428571428 0.8666666666666667 0.96 0.9333333333333333 0.9333333333333333 0.9714285714285714 0.9333333333333333
0.56 0.26666666666666666 0.26666666666666666 0.6857142857142857 0.26666666666666666 0.92 0.8666666666666667 0.8666666666666667 0.9428571428571428 0.8666666666666667 0.78 0.6333333333333333 0.6333333333333333 0.8428571428571429 0.6333333333333333
0.72 0.5333333333333333 0.5333333333333333 0.8 0.5333333333333333 0.96 0.9333333333333333 0.9333333333333333 0.9714285714285714 0.9333333333333333 0.98 0.9666666666666667 0.9666666666666667 0.9857142857142858 0.9666666666666667
0.68 0.4666666666666667 0.4666666666666667 0.7714285714285715 0.4666666666666667 0.86 0.7666666666666667 0.7666666666666667 0.9 0.7666666666666667 0.9 0.8333333333333334 0.8333333333333334 0.9285714285714286 0.8333333333333334
0.62 0.36666666666666664 0.36666666666666664 0.7285714285714285 0.36666666666666664 0.9 0.8333333333333334 0.8333333333333334 0.9285714285714286 0.8333333333333334 0.9 0.8333333333333334 0.8333333333333334 0.9285714285714286 0.8333333333333334
0.72 0.5333333333333333 0.5333333333333333 0.8 0.5333333333333333 0.82 0.7 0.7 0.8714285714285714 0.7 0.98 0.9666666666666667 0.9666666666666667 0.9857142857142858 0.9666666666666667
0.68 0.4666666666666667 0.4666666666666667 0.7714285714285715 0.4666666666666667 0.86 0.7666666666666667 0.7666666666666667 0.9 0.7666666666666667 0.94 0.9 0.9 0.9571428571428572 0.9
0.76 0.6 0.6 0.8285714285714286 0.6 0.94 0.9 0.9 0.9571428571428572 0.9 0.88 0.8 0.8 0.9142857142857143 0.8000000000000002
0.68 0.4666666666666667 0.4666666666666667 0.7714285714285715 0.4666666666666667 0.9 0.8333333333333334 0.8333333333333334 0.9285714285714286 0.8333333333333334 0.98 0.9666666666666667 0.9666666666666667 0.9857142857142858 0.9666666666666667
0.76 0.6 0.6 0.8285714285714286 0.6 0.86 0.7666666666666667 0.7666666666666667 0.9 0.7666666666666667 0.88 0.8 0.8 0.9142857142857143 0.8000000000000002
0.64 0.4 0.4 0.7428571428571429 0.4000000000000001 0.88 0.8 0.8 0.9142857142857143 0.8000000000000002 0.94 0.9 0.9 0.9571428571428572 0.9
0.68 0.4666666666666667 0.4666666666666667 0.7714285714285715 0.4666666666666667 0.9 0.8333333333333334 0.8333333333333334 0.9285714285714286 0.8333333333333334 0.96 0.9333333333333333 0.9333333333333333 0.9714285714285714 0.9333333333333333
0.68 0.4666666666666667 0.4666666666666667 0.7714285714285715 0.4666666666666667 0.92 0.8666666666666667 0.8666666666666667 0.9428571428571428 0.8666666666666667 0.98 0.9666666666666667 0.9666666666666667 0.9857142857142858 0.9666666666666667
0.78 0.6333333333333333 0.6333333333333333 0.8428571428571429 0.6333333333333333 0.92 0.8666666666666667 0.8666666666666667 0.9428571428571428 0.8666666666666667 0.94 0.9 0.9 0.9571428571428572 0.9
0.74 0.5666666666666667 0.5666666666666667 0.8142857142857143 0.5666666666666667 0.94 0.9 0.9 0.9571428571428572 0.9 0.94 0.9 0.9 0.9571428571428572 0.9
0.7 0.5 0.5 0.7857142857142857 0.5 0.86 0.7666666666666667 0.7666666666666667 0.9 0.7666666666666667 0.98 0.9666666666666667 0.9666666666666667 0.9857142857142858 0.9666666666666667
0.7 0.5 0.5 0.7857142857142857 0.5 0.92 0.8666666666666667 0.8666666666666667 0.9428571428571428 0.8666666666666667 0.98 0.9666666666666667 0.9666666666666667 0.9857142857142858 0.9666666666666667
0.64 0.4 0.4 0.7428571428571429 0.4000000000000001 0.88 0.8 0.8 0.9142857142857143 0.8000000000000002 0.96 0.9333333333333333 0.9333333333333333 0.9714285714285714 0.9333333333333333
0.68 0.4666666666666667 0.4666666666666667 0.7714285714285715 0.4666666666666667 0.88 0.8 0.8 0.9142857142857143 0.8000000000000002 0.96 0.9333333333333333 0.9333333333333333 0.9714285714285714 0.9333333333333333
0.68 0.4666666666666667 0.4666666666666667 0.7714285714285715 0.4666666666666667 0.88 0.8 0.8 0.9142857142857143 0.8000000000000002 0.9 0.8333333333333334 0.8333333333333334 0.9285714285714286 0.8333333333333334
0.68 0.4666666666666667 0.4666666666666667 0.7714285714285715 0.4666666666666667 0.9 0.8333333333333334 0.8333333333333334 0.9285714285714286 0.8333333333333334 0.96 0.9333333333333333 0.9333333333333333 0.9714285714285714 0.9333333333333333
0.72 0.5333333333333333 0.5333333333333333 0.8 0.5333333333333333 0.9 0.8333333333333334 0.8333333333333334 0.9285714285714286 0.8333333333333334 0.9 0.8333333333333334 0.8333333333333334 0.9285714285714286 0.8333333333333334
0.64 0.4 0.4 0.7428571428571429 0.4000000000000001 0.94 0.9 0.9 0.9571428571428572 0.9 0.94 0.9 0.9 0.9571428571428572 0.9
0.74 0.5666666666666667 0.5666666666666667 0.8142857142857143 0.5666666666666667 0.9 0.8333333333333334 0.8333333333333334 0.9285714285714286 0.8333333333333334 0.94 0.9 0.9 0.9571428571428572 0.9
0.66 0.43333333333333335 0.43333333333333335 0.7571428571428571 0.43333333333333335 0.96 0.9333333333333333 0.9333333333333333 0.9714285714285714 0.9333333333333333 0.94 0.9 0.9 0.9571428571428572 0.9
0.72 0.5333333333333333 0.5333333333333333 0.8 0.5333333333333333 0.92 0.8666666666666667 0.8666666666666667 0.9428571428571428 0.8666666666666667 0.98 0.9666666666666667 0.9666666666666667 0.9857142857142858 0.9666666666666667
0.7 0.5 0.5 0.7857142857142857 0.5 0.88 0.8 0.8 0.9142857142857143 0.8000000000000002 0.96 0.9333333333333333 0.9333333333333333 0.9714285714285714 0.9333333333333333
0.68 0.4666666666666667 0.4666666666666667 0.7714285714285715 0.4666666666666667 0.96 0.9333333333333333 0.9333333333333333 0.9714285714285714 0.9333333333333333 0.92 0.8666666666666667 0.8666666666666667 0.9428571428571428 0.8666666666666667
0.82 0.7 0.7 0.8714285714285714 0.7 0.94 0.9 0.9 0.9571428571428572 0.9 0.78 0.6333333333333333 0.6333333333333333 0.8428571428571429 0.6333333333333333
0.68 0.4666666666666667 0.4666666666666667 0.7714285714285715 0.4666666666666667 0.92 0.8666666666666667 0.8666666666666667 0.9428571428571428 0.8666666666666667 0.92 0.8666666666666667 0.8666666666666667 0.9428571428571428 0.8666666666666667
0.76 0.6 0.6 0.8285714285714286 0.6 0.88 0.8 0.8 0.9142857142857143 0.8000000000000002 0.84 0.7333333333333333 0.7333333333333333 0.8857142857142857 0.7333333333333333
0.7 0.5 0.5 0.7857142857142857 0.5 0.82 0.7 0.7 0.8714285714285714 0.7 0.88 0.8 0.8 0.9142857142857143 0.8000000000000002
0.68 0.4666666666666667 0.4666666666666667 0.7714285714285715 0.4666666666666667 0.84 0.7333333333333333 0.7333333333333333 0.8857142857142857 0.7333333333333333 0.94 0.9 0.9 0.9571428571428572 0.9
0.68 0.4666666666666667 0.4666666666666667 0.7714285714285715 0.4666666666666667 0.9 0.8333333333333334 0.8333333333333334 0.9285714285714286 0.8333333333333334 0.96 0.9333333333333333 0.9333333333333333 0.9714285714285714 0.9333333333333333
0.66 0.43333333333333335 0.43333333333333335 0.7571428571428571 0.43333333333333335 0.92 0.8666666666666667 0.8666666666666667 0.9428571428571428 0.8666666666666667 0.96 0.9333333333333333 0.9333333333333333 0.9714285714285714 0.9333333333333333
0.66 0.43333333333333335 0.43333333333333335 0.7571428571428571 0.43333333333333335 0.94 0.9 0.9 0.9571428571428572 0.9 0.92 0.8666666666666667 0.8666666666666667 0.9428571428571428 0.8666666666666667
0.66 0.43333333333333335 0.43333333333333335 0.7571428571428571 0.43333333333333335 0.88 0.8 0.8 0.9142857142857143 0.8000000000000002 0.94 0.9 0.9 0.9571428571428572 0.9
0.68 0.4666666666666667 0.4666666666666667 0.7714285714285715 0.4666666666666667 0.94 0.9 0.9 0.9571428571428572 0.9 0.94 0.9 0.9 0.9571428571428572 0.9
0.7 0.5 0.5 0.7857142857142857 0.5 0.86 0.7666666666666667 0.7666666666666667 0.9 0.7666666666666667 0.94 0.9 0.9 0.9571428571428572 0.9
0.7 0.5 0.5 0.7857142857142857 0.5 0.86 0.7666666666666667 0.7666666666666667 0.9 0.7666666666666667 0.92 0.8666666666666667 0.8666666666666667 0.9428571428571428 0.8666666666666667
0.64 0.4 0.4 0.7428571428571429 0.4000000000000001 0.84 0.7333333333333333 0.7333333333333333 0.8857142857142857 0.7333333333333333 0.94 0.9 0.9 0.9571428571428572 0.9
0.7 0.5 0.5 0.7857142857142857 0.5 0.92 0.8666666666666667 0.8666666666666667 0.9428571428571428 0.8666666666666667 0.96 0.9333333333333333 0.9333333333333333 0.9714285714285714 0.9333333333333333
0.7 0.5 0.5 0.7857142857142857 0.5 0.9 0.8333333333333334 0.8333333333333334 0.9285714285714286 0.8333333333333334 0.94 0.9 0.9 0.9571428571428572 0.9
